0.01863
0.01845
0.01855
0.0186
0.01863
0.0186
0.0186
0.01858
0.01865
0.01868
0.01875
0.01878
0.01865
0.01875
0.01878
0.01878
0.01868
0.01878
0.0189
0.01903
0.01905
0.01905
0.0191
0.0189
0.01875
0.0187
0.01908
0.01915
0.01908
0.01898
0.01925
0.01933
0.01948
0.0195
0.01948
0.01968
0.01973
0.01983
0.01988
0.02028
0.0204
0.02063
0.02055
0.02035
0.02033
0.02015
0.01958
0.0193
0.01978
0.01998
0.0202
0.02003
0.02095
0.02065
0.0198
0.01975
0.01965
0.01943
0.01945
0.0195
0.0194
0.01925
0.01885
0.01875
0.0185
0.0183
0.0181
0.01748
0.01755
0.0181
0.01828
0.0182
0.01863
0.01843
0.0184
0.01818
0.01813
0.0176
0.01768
0.0179
0.0183
0.01818
0.01815
0.01853
0.01853
0.01843
0.0183
0.01828
0.01848
0.01848
0.01868
0.0186
0.01865
0.0185
0.01848
0.0185
0.01865
0.01878
0.0186
0.01858
0.01863
0.0186
0.01855
0.01855
0.01868
0.01868
0.019
0.0191
0.01878
0.01893
0.01913
0.01898
0.01875
0.0188
0.01885
0.01875
0.0188
0.01863
0.01838
0.01793
0.01785
0.01795
0.0175
0.01775
0.0178
0.01785
0.0178
0.01768
0.0174
0.01718
0.01748
0.0176
0.0179
0.01783
0.01768
0.01773
0.01778
0.0177
0.01765
0.0177
0.01793
0.018
0.01778
0.01758
0.01743
0.01755
0.01773
0.0168
0.0162
0.01593
0.01503
0.0156
0.0154
0.0167
0.01725
0.0171
0.017
0.01738
0.01785
0.0176
0.01795
0.01708
0.0179
0.01688
0.01665
0.01595
0.01638
0.01655
0.01665
0.01683
0.0171
0.01683
0.01708
0.0167
0.01645
0.01613
0.0161
0.01628
0.0161
0.01618
0.01615
0.01618
0.0161
0.0165
0.0164
0.01613
0.0161
0.01575
0.01568
0.01563
0.01585
0.01548
0.01555
0.01538
0.01558
0.01535
0.01485
0.01465
0.01473
0.01418
0.0138
0.014
0.014
0.0139
0.0138
0.01398
0.01448
0.01488
0.01428
0.0143
0.01445
0.01443
0.01493
0.01538
0.01503
0.0154
0.01565
0.01545
0.01555
0.0156
0.0157
0.01565
0.0155
0.01538
0.01553
0.01555
0.0162
0.01648
0.01655
0.01665
0.01685
0.01745
0.01705
0.01678
0.017
0.01715
0.01713
0.01718
0.0174
0.01688
0.0166
0.01595
0.01608
0.01615
0.01615
0.01645
0.0165
0.01638
0.01648
0.0164
0.0165
0.0166
0.0166
0.0164
0.01625
0.01645
0.01623
0.0163
0.01618
0.01618
0.01625
0.01623
0.0162
0.01633
0.01633
0.01645
0.01625
0.01623
0.01628
0.0163
0.01585
0.01553
0.01585
0.0157
0.01543
0.01548
0.015
0.015
0.01513
0.01518
0.01515
0.01493
0.01483
0.01455
0.01418
0.01395
0.01405
0.01398
0.0145
0.0155
0.01505
0.01463
0.014
0.0141
0.0141
0.01425
0.015
0.01493
0.01548
0.01563
0.01583
0.0158
0.01538
0.01545
0.0157
0.01575
0.0156
0.01535
0.015
0.0145
0.01485
0.01548
0.0154
0.0151
0.01513
0.01498
0.0148
0.01485
0.01475
0.01478
0.01485
0.01503
0.0148
0.01485
0.01463
0.0145
0.01448
0.01445
0.0144
0.01415
0.014
0.01368
0.01335
0.01318
0.0133
0.01325
0.0127
0.0134
0.0139
0.0135
0.01323
0.01285
0.01315
0.01305
0.0132
0.0132
0.0131
0.01258
0.01275
0.0125
0.01193
0.0116
0.01165
0.0112
0.0113
0.01135
0.0122
0.01235
0.01245
0.01255
0.0132
0.01355
0.0129
0.01335
0.0135
0.01348
0.0122
0.01208
0.01208
0.01233
0.0126
0.0126
0.01218
0.01235
0.0125
0.01275
0.01275
0.0126
0.0127
0.01303
0.01303
0.013
0.013
0.0127
0.01205
0.01208
0.01213
0.01335
0.01333
0.01298
0.0147
0.01473
0.01425
0.01435
0.01493
0.0148
0.01473
0.0144
0.0147
0.01505
0.0149
0.0152
0.01518
0.01535
0.01558
0.0156
0.0153
0.01528
0.01533
0.01525
0.01538
0.01625
0.0161
0.0159
0.01623
0.0164
0.01653
0.01658
0.01685
0.017
0.01675
0.0169
0.01685
0.0174
0.0175
0.01778
0.01795
0.0181
0.01815
0.01698
0.01705
0.0177
0.01773
0.01718
0.01685
0.01638
0.0164
0.01695
0.01675
0.0165
0.0166
0.01675
0.01658
0.0164
0.0165
0.01683
0.01675
0.01715
0.01715
0.01738
0.0172
0.01695
0.0171
0.01705
0.01755
0.01723
0.01725
0.01745
0.01773
0.01773
0.01755
0.01755
0.0178
0.01763
0.0181
0.01863
0.01908
0.01895
0.0193
0.01918
0.01963
0.0196
0.01993
0.01973
0.01945
0.02
0.02045
0.01965
0.0199
0.01975
0.01908
0.0194
0.0196
0.01995
0.01985
0.01995
0.01963
0.01988
0.0202
0.0215
0.02225
0.0216
0.0212
0.02115
0.02105
0.02065
0.02015
0.01915
0.01888
0.0197
0.0194
0.0188
0.01903
0.01888
0.0193
0.0192
0.0192
0.0198
0.01858
0.0186
0.0183
0.0174
0.0177
0.01815
0.0182
0.01765
0.01773
0.01803
0.01825
0.01808
0.01815
0.01855
0.0185
0.01815
0.0178
0.01795
0.01718
0.0168
0.0169
0.01695
0.01665
0.01685
0.01688
0.01713
0.0173
0.01803
0.01823
0.0182
0.018
0.0182
0.01828
0.0184
0.0186
0.01875
0.0183
0.01785
0.01783
0.01763
0.01765
0.0176
0.0179
0.01805
0.01805
0.01785
0.01798
0.01783
0.0173
0.01705
0.0165
0.01628
0.01638
0.0163
0.01623
0.0161
0.0164
0.01615
0.01605
0.01628
0.01645
0.01693
0.017
0.01685
0.017
0.017
0.01695
0.01683
0.0169
0.0171
0.01708
0.01705
0.01695
0.01698
0.0171
0.01713
0.0172
0.01733
0.01743
0.01745
0.0178
0.0178
0.01783
0.01798
0.0179
0.01805
0.0179
0.01788
0.01805
0.0179
0.0178
0.01785
0.01753
0.01745
0.01745
0.01755
0.01793
0.01823
0.01858
0.01873
0.01878
0.01843
0.01845
0.01825
0.01855
0.01885
0.01923
0.0196
0.01938
0.01953
0.01943
0.01933
0.0192
0.01888
0.0188
0.01888
0.01848
0.0187
0.01898
0.01893
0.01923
0.0192
0.019
0.01895
0.0189
0.0189
0.01885
0.01905
0.01885
0.0187
0.01865
0.01865
0.01875
0.0188
0.01868
0.0186
0.0184
0.01848
0.0185
0.01823
0.01815
0.01848
0.01868
0.01928
0.01918
0.01928
0.01933
0.01915
0.01945
0.01953
0.01978
0.01968
0.01968
0.01998
0.02028
0.02023
0.02013
0.0205
0.0209
0.02085
0.02105
0.0212
0.02265
0.0225
0.02313
0.02138
0.02103
0.02195
0.02188
0.02213
0.0216
0.02115
0.02045
0.02078
0.02128
0.02088
0.02023
0.02018
0.02055
0.02063
0.02073
0.02073
0.0205
0.02058
0.02073
0.02073
0.0206
0.02015
0.02005
0.01975
0.01968
0.02003
0.0196
0.0199
0.01988
0.01995
0.01968
0.0195
0.01935
0.01878
0.0189
0.01923
0.0192
0.01933
0.01918
0.01915
0.01918
0.01895
0.01873
0.01868
0.0183
0.01853
0.01833
0.01848
0.0184
0.01783
0.01775
0.01778
0.01783
0.01788
0.01823
0.0181
0.01803
0.0179
0.01795
0.01818
0.0182
0.01795
0.01755
0.0171
0.01653
0.01593
0.0153
0.0158
0.0157
0.01533
0.01613
0.01635
0.01695
0.01675
0.0165
0.0166
0.01643
0.01635
0.01643
0.01658
0.01593
0.01558
0.01565
0.01618
0.01645
0.0167
0.01673
0.0174
0.0174
0.01725
0.01705
0.01708
0.01665
0.01648
0.0157
0.0158
0.01595
0.01548
0.01598
0.0153
0.01543
0.01535
0.01478
0.0148
0.01503
0.01468
0.01473
0.01495
0.0149
0.0153
0.01515
0.01483
0.01475
0.01475
0.01475
0.0154
0.01558
0.01558
0.01533
0.0154
0.01573
0.0154
0.01548
0.01548
0.01523
0.01535
0.01498
0.01558
0.0157
0.01588
0.01703
0.0177
0.01758
0.0177
0.01785
0.018
0.01873
0.01908
0.019
0.01873
0.01903
0.01898
0.01923
0.01993
0.02225
0.02413
0.02728
0.02735
0.02515
0.0259
0.0263
0.02663
0.0271
0.02653
0.0272
0.02845
0.0289
0.02905
0.03045
0.03235
0.03165
0.02765
0.02765
0.02765
0.0275
0.0278
0.03053
0.03008
0.03123
0.03215
0.03145
0.03145
0.0321
0.03128
0.03188
0.03335
0.0349
0.03595
0.03508
0.03565
0.03695
0.04075
0.0399
0.04085
0.04145
0.041
0.03895
0.03545
0.03755
0.0372
0.03905
0.0392
0.0409
0.0402
0.04115
0.0399
0.03828
0.03893
0.03533
0.03565
0.0332
0.02745
0.02895
0.0301
0.0329
0.03373
0.03465
0.0355
0.0343
0.03565
0.03505
0.0338
0.0332
0.03455
0.03485
0.03425
0.03285
0.03365
0.03195
0.0322
0.03055
0.03085
0.0301
0.03065
0.0314
0.03205
0.0351
0.03483
0.0341
0.03465
0.0312
0.03125
0.0315
0.0302
0.02735
0.0283
0.02875
0.02803
0.02728
0.0278
0.02845
0.0282
0.02755
0.02813
0.02755
0.0269
0.0277
0.0277
0.02705
0.02743
0.02835
0.02678
0.02505
0.02408
0.02593
0.02573
0.02235
0.02658
0.02605
0.02955
0.02925
0.03028
0.0211
0.0191
0.01925
0.02073
0.02215
0.0209
0.0208
0.0204
0.02075
0.02095
0.0207
0.0208
0.02045
0.0202
0.02093
0.0209
0.02065
0.02123
0.0211
0.021
0.0205
0.01835
0.01768
0.01785
0.01875
0.01855
0.0178
0.01783
0.018
0.01865
0.0195
0.01933
0.0202
0.02005
0.01985
0.01965
0.0191
0.0186
0.01843
0.02033
0.01998
0.01905
0.0183
0.01895
0.01898
0.0188
0.01895
0.0186
0.01835
0.01815
0.018
0.018
0.01763
0.01775
0.018
0.01835
0.01858
0.0186
0.01925
0.0195
0.01993
0.02023
0.0199
0.01985
0.0194
0.01918
0.01978
0.0196
0.01955
0.0196
0.01963
0.01995
0.0197
0.0197
0.0197
0.01955
0.0198
0.01985
0.0198
0.02008
0.01953
0.01925
0.01895
0.0188
0.01875
0.01875
0.0189
0.01903
0.01858
0.01878
0.01883
0.019
0.01875
0.01873
0.019
0.019
0.01883
0.01863
0.01803
0.01828
0.018
0.01785
0.01773
0.018
0.0177
0.01785
0.018
0.01788
0.01815
0.01843
0.01818
0.01815
0.0181
0.01808
0.01848
0.01853
0.01855
0.0185
0.01848
0.0187
0.01898
0.01903
0.01923
0.0192
0.01978
0.0196
0.01983
0.02013
0.02028
0.02028
0.02008
0.01958
0.01933
0.0196
0.01973
0.01958
0.01948
0.01965
0.01973
0.0194
0.0195
0.01945
0.01935
0.0197
0.01958
0.01963
0.0195
0.01923
0.01925
0.01935
0.02055
0.02098
0.01955
0.01953
0.01985
0.02003
0.02003
0.01998
0.0203
0.02053
0.02065
0.02055
0.02025
0.0201
0.02013
0.01985
0.01993
0.02
0.02025
0.02035
0.02053
0.0203
0.02053
0.02043
0.02055
0.02083
0.02075
0.02065
0.021
0.02148
0.02143
0.02115
0.0213
0.02175
0.02183
0.02198
0.02195
0.02243
0.02213
0.02208
0.0226
0.02283
0.0226
0.02273
0.023
0.02295
0.02265
0.02248
0.02225
0.02235
0.0219
0.02185
0.02195
0.022
0.02253
0.02273
0.02253
0.022
0.02185
0.0218
0.02145
0.0212
0.0215
0.021
0.02163
0.02135
0.02108
0.02048
0.02073
0.02015
0.01978
0.01978
0.01965
0.01998
0.02008
0.0196
0.0192
0.01918
0.01915
0.01905
0.01825
0.0181
0.01828
0.01858
0.01905
0.01855
0.01813
0.01815
0.01815
0.01855
0.0176
0.01778
0.01778
0.01775
0.018
0.01775
0.01845
0.0185
0.01875
0.0184
0.0173
0.01718
0.01723
0.01808
0.01823
0.01838
0.01868
0.01848
0.01845
0.01785
0.01783
0.0181
0.01833
0.01855
0.01843
0.01815
0.0181
0.01815
0.01835
0.0184
0.01848
0.01853
0.01858
0.01895
0.01848
0.01833
0.01853
0.01863
0.01765
0.0177
0.0175
0.01785
0.018
0.0174
0.01743
0.01728
0.01755
0.01745
0.01735
0.01705
0.01728
0.01743
0.0173
0.01735
0.01735
0.0172
0.01735
0.01773
0.01773
0.01788
0.01765
0.01765
0.01775
0.01758
0.01765
0.0177
0.01798
0.01785
0.01798
0.01909
0.01838
0.01853
0.01863
0.01893
0.01893
0.01918
0.01895
0.01905
0.01903
0.01885
0.0186
0.01895
0.01895
0.019
0.01873
0.0187
0.0189
0.0189
0.01918
0.01928
0.01965
0.01983
0.01988
0.01998
0.01968
0.01965
0.01963
0.01973
0.0198
0.01995
0.01975
0.0197
0.0197
0.0193
0.01928
0.0196
0.01958
0.0205
0.0208
0.02073
0.0207
0.0209
0.02085
0.02123
0.02108
0.02135
0.02125
0.02113
0.02105
0.02133
0.02128
0.0213
0.02113
0.02103
0.02123
0.02113
0.02083
0.02135
0.02155
0.0215
0.0213
0.02108
0.0206
0.02025
0.02053
0.02065
0.02045
0.0198
0.0197
0.01978
0.02
0.01983
0.01998
0.01985
0.02023
0.0202
0.01995
0.02003
0.02023
0.02048
0.0206
0.02058
0.02078
0.02068
0.02048
0.02038
0.02033
0.01985
0.01968
0.01978
0.01975
0.01955
0.01948
0.01965
0.01983
0.01988
0.01995
0.0199
0.0198
0.01963
0.01968
0.01965
0.01968
0.01963
0.0195
0.01965
0.01965
0.01988
0.02
0.01995
0.02003
0.02013
0.0203
0.02033
0.0203
0.02035
0.02068
0.0205
0.02043
0.02035
0.0203
0.02015
0.02033
0.02053
0.02043
0.02033
0.02028
0.02018
0.02018
0.02028
0.0204
0.0202
0.02023
0.02028
0.02048
0.02048
0.0208
0.02083
0.02068
0.02073
0.02078
0.02073
0.02068
0.02028
0.02013
0.02003
0.01978
0.01978
0.01965
0.0194
0.01913
0.01925
0.01935
0.01903
0.0192
0.01913
0.0191
0.01953
0.0194
0.01918
0.01905
0.0192
0.01915
0.0191
0.01948
0.01948
0.01915
0.01918
0.01928
0.01893
0.01908
0.01925
0.01865
0.01838
0.0182
0.01835
0.01825
0.01808
0.0178
0.01828
0.0182
0.01803
0.0178
0.0179
0.01818
0.0183
0.01833
0.01808
0.01823
0.01828
0.01793
0.01783
0.01785
0.01773
0.01748
0.01753
0.01758
0.01723
0.01728
0.01685
0.01685
0.017
0.01728
0.01725
0.01698
0.0167
0.01688
0.01708
0.01758
0.01793
0.01788
0.01815
0.01848
0.01855
0.0184
0.01865
0.0187
0.01855
0.01833
0.01848
0.01843
0.01848
0.01798
0.0182
0.01793
0.01783
0.0183
0.01863
0.01888
0.01888
0.01883
0.01883
0.01903
0.01883
0.01893
0.01935
0.0196
0.01928
0.01923
0.01908
0.0187
0.01883
0.01888
0.01855
0.0186
0.0187
0.01858
0.01818
0.01823
0.01853
0.0186
0.01855
0.01865
0.01845
0.0187
0.01898
0.01888
0.01895
0.01865
0.0187
0.01853
0.0188
0.01873
0.01863
0.0185
0.01848
0.01853
0.01868
0.01848
0.01863
0.01863
0.01858
0.01848
0.0188
0.01885
0.0189
0.01885
0.01913
0.01898
0.01898
0.01883
0.0189
0.0187
0.0184
0.01828
0.01818
0.01813
0.0181
0.01805
0.01815
0.01815
0.01808
0.01843
0.01843
0.01848
0.01848
0.01815
0.01825
0.018
0.01823
0.01823
0.0182
0.01763
0.01758
0.0173
0.01733
0.01723
0.01713
0.01718
0.01718
0.01718
0.01723
0.01723
0.01723
0.01748
0.01743
0.01698
0.01663
0.01688
0.01713
0.0169
0.01655
0.01653
0.01678
0.01695
0.0165
0.01648
0.0166
0.01658
0.01658
0.01673
0.01665
0.01685
0.01685
0.01685
0.01713
0.01708
0.01685
0.01685
0.01653
0.01663
0.0166
0.01638
0.01645
0.0163
0.01658
0.01678
0.01693
0.0168
0.01688
0.01663
0.01663
0.01668
0.01683
0.01693
0.01668
0.01675
0.01705
0.01673
0.01655
0.0165
0.01633
0.01623
0.01585
0.01565
0.01573
0.01543
0.01543
0.01558
0.01535
0.01543
0.01555
0.01603
0.01625
0.01588
0.01588
0.0161
0.0161
0.0164
0.01678
0.01723
0.01708
0.0169
0.01678
0.01698
0.01688
0.01698
0.01713
0.01715
0.017
0.0168
0.0167
0.0165
0.01653
0.01668
0.01688
0.01648
0.01613
0.01595
0.01595
0.01583
0.01543
0.01583
0.01563
0.01583
0.01578
0.01573
0.01528
0.01533
0.01523
0.01518
0.01508
0.01525
0.01533
0.01555
0.0154
0.01525
0.01535
0.01525
0.01513
0.01435
0.01428
0.01405
0.01423
0.01443
0.01415
0.01395
0.0139
0.01388
0.01345
0.0136
0.0138
0.0139
0.01478
0.0138
0.01363
0.01385
0.01363
0.01345
0.0136
0.01355
0.01338
0.01313
0.0132
0.01318
0.01343
0.0141
0.01455
0.01463
0.01415
0.0141
0.0139
0.01375
0.0141
0.0144
0.0141
0.01425
0.0141
0.01423
0.01435
0.01463
0.0148
0.01478
0.01465
0.01483
0.01503
0.0154
0.01548
0.01493
0.0146
0.01413
0.01353
0.01358
0.0137
0.0134
0.01313
0.01308
0.01328
0.013
0.01305
0.0132
0.0132
0.0134
0.01333
0.01359
0.01345
0.0135
0.01355
0.01343
0.01313
0.01315
0.0133
0.01323
0.0137
0.01403
0.01428
0.0143
0.01425
0.01405
0.01455
0.0148
0.0145
0.01453
0.01458
0.01375
0.01338
0.01323
0.01325
0.01433
0.01433
0.0144
0.0143
0.01473
0.0148
0.015
0.01528
0.01523
0.01548
0.01513
0.0153
0.01563
0.01628
0.01638
0.01605
0.01575
0.01565
0.01535
0.01593
0.01595
0.01585
0.01625
0.01633
0.01625
0.0161
0.01625
0.0165
0.01623
0.01583
0.01598
0.01615
0.01623
0.01663
0.01663
0.01633
0.01608
0.01608
0.01618
0.0164
0.01635
0.01613
0.01618
0.01595
0.01565
0.01613
0.01638
0.01623
0.0164
0.01673
0.01688
0.01713
0.01738
0.01763
0.01748
0.0173
0.0174
0.0174
0.01698
0.01723
0.01745
0.01765
0.0175
0.01713
0.0169
0.01678
0.017
0.01748
0.01825
0.01825
0.01833
0.01815
0.0175
0.0172
0.01735
0.01745
0.01758
0.01735
0.01743
0.01783
0.018
0.01848
0.01903
0.01848
0.01848
0.01843
0.01778
0.01793
0.01768
0.01733
0.0175
0.0171
0.01675
0.01668
0.01628
0.0163
0.01613
0.01525
0.0153
0.0158
0.01575
0.01585
0.01578
0.01603
0.01603
0.01588
0.0156
0.01595
0.01603
0.01605
0.01593
0.01583
0.01548
0.0154
0.01525
0.0153
0.01545
0.01578
0.0158
0.0159
0.0163
0.0161
0.0161
0.0162
0.0166
0.01673
0.01685
0.0167
0.0165
0.01663
0.01693
0.0167
0.01638
0.01608
0.01563
0.01558
0.01575
0.01613
0.01628
0.01653
0.01635
0.01648
0.01648
0.01688
0.01708
0.01718
0.01718
0.0174
0.01758
0.01775
0.018
0.01778
0.01738
0.01755
0.0172
0.01738
0.01725
0.01698
0.0168
0.01653
0.01645
0.01725
0.0172
0.01688
0.01695
0.017
0.01695
0.017
0.01695
0.01698
0.01635
0.01593
0.01605
0.01583
0.01613
0.01608
0.01598
0.01573
0.01583
0.0156
0.01548
0.01558
0.01573
0.01565
0.0156
0.01555
0.01608
0.01625
0.01623
0.01588
0.01593
0.01613
0.01635
0.01608
0.016
0.0164
0.01648
0.0162
0.01638
0.01678
0.01695
0.01708
0.01723
0.017
0.01715
0.01698
0.01673
0.01638
0.01668
0.0168
0.01705
0.017
0.0174
0.01708
0.01705
0.01703
0.01685
0.01685
0.01688
0.017
0.0171
0.01713
0.0174
0.01743
0.01718
0.01708
0.0171
0.0171
0.01735
0.01723
0.01685
0.01655
0.01668
0.01675
0.01685
0.01673
0.01665
0.0165
0.0163
0.01633
0.01638
0.0165
0.01655
0.01683
0.0168
0.01708
0.01748
0.01765
0.01783
0.01785
0.01805
0.01798
0.01798
0.01788
0.01803
0.01835
0.0185
0.01845
0.01815
0.01863
0.01873
0.01798
0.01855
0.01873
0.01915
0.01918
0.01905
0.01935
0.0189
0.01908
0.01898
0.01938
0.01883
0.01833
0.01868
0.01885
0.01878
0.01812
0.0181
0.01808
0.01823
0.01843
0.01853
0.0185
0.01823
0.01843
0.01838
0.01848
0.01855
0.018
0.0178
0.01743
0.01758
0.0177
0.0179
0.01823
0.01795
0.01813
0.01793
0.01768
0.01763
0.01783
0.01763
0.01795
0.01775
0.01693
0.01698
0.0165
0.01655
0.0164
0.01655
0.01663
0.01695
0.0165
0.01658
0.01635
0.01593
0.016
0.01615
0.0161
0.01588
0.01593
0.01603
0.01598
0.0158
0.01573
0.01568
0.0158
0.01568
0.01535
0.01538
0.01548
0.016
0.01598
0.01593
0.01578
0.0161
0.01613
0.01599
0.01608
0.0159
0.016
0.01613
0.01608
0.01623
0.01593
0.01585
0.01578
0.01585
0.01603
0.01625
0.01623
0.0165
0.0163
0.01615
0.01623
0.01618
0.0162
0.01625
0.01662
0.01668
0.01663
0.0166
0.01693
0.01675
0.0169
0.01685
0.017
0.01718
0.01723
0.01723
0.017
0.0166
0.0164
0.01618
0.01615
0.01628
0.01665
0.01658
0.01655
0.01658
0.0164
0.01585
0.01575
0.016
0.01595
0.01605
0.0159
0.01598
0.01615
0.01603
0.01598
0.01585
0.0158
0.01588
0.01608
0.01598
0.0163
0.01635
0.01645
0.01658
0.01653
0.01683
0.01688
0.01678
0.0167
0.01675
0.0169
0.01683
0.01663
0.01658
0.01673
0.01678
0.01703
0.0168
0.0166
0.0169
0.01688
0.01693
0.0172
0.01725
0.0173
0.01713
0.01718
0.01735
0.01753
0.01755
0.01748
0.01773
0.01768
0.01748
0.0177
0.0179
0.01815
0.01833
0.01803
0.01805
0.0181
0.01818
0.01873
0.01878
0.01865
0.01895
0.01915
0.01913
0.0195
0.01968
0.01905
0.01848
0.01785
0.01758
0.0175
0.01773
0.01743
0.01788
0.01753
0.01753
0.01738
0.01733
0.017
0.0167
0.01623
0.01653
0.01663
0.01678
0.01705
0.01693
0.01683
0.01693
0.01705
0.01723
0.01718
0.01808
0.01828
0.01818
0.0182
0.0182
0.01858
0.01905
0.01928
0.01885
0.01885
0.019
0.01865
0.0188
0.01855
0.0184
0.01875
0.01918
0.01903
0.01885
0.01893
0.0193
0.01958
0.0194
0.0193
0.0205
0.02035
0.02038
0.02035
0.02115
0.0213
0.02168
0.02133
0.02025
0.02033
0.0208
0.02118
0.02093
0.02085
0.02143
0.02263
0.0239
0.02273
0.02268
0.0212
0.01988
0.01933
0.01953
0.01938
0.02088
0.02073
0.02035
0.02005
0.02005
0.0195
0.01895
0.01945
0.01938
0.02008
0.01985
0.01935
0.01923
0.01948
0.01963
0.0195
0.01863
0.01805
0.01863
0.0187
0.0194
0.01953
0.01973
0.01953
0.01895
0.0181
0.0181
0.01825
0.0185
0.0182
0.01818
0.0184
0.01848
0.01828
0.01823
0.01798
0.01783
0.0187
0.0188
0.0184
0.01843
0.01845
0.01838
0.01838
0.0186
0.01938
0.01928
0.01977
0.01943
0.01913
0.01977
0.01999
0.01962
0.01963
0.0198
0.02001
0.01993
0.0202
0.0203
0.01975
0.01995
0.01945
0.01923
0.0195
0.01936
0.0195
0.01892
0.01899
0.0189
0.019
0.01884
0.01963
0.01965
0.01945
0.01948
0.02003
0.02005
0.02065
0.02103
0.0209
0.02088
0.0213
0.02158
0.02135
0.0208
0.02125
0.02078
0.02045
0.02068
0.021
0.02098
0.02223
0.0219
0.0222
0.02215
0.02243
0.02225
0.02268
0.0233
0.02335
0.02383
0.0226
0.0217
0.02238
0.02208
0.02178
0.02215
0.02278
0.02305
0.02335
0.0229
0.02415
0.02318
0.02313
0.02363
0.02388
0.02428
0.02455
0.02458
0.02363
0.02385
0.02475
0.02458
0.0245
0.02483
0.02518
0.02508
0.0254
0.0246
0.02428
0.02413
0.02445
0.0233
0.02315
0.0228
0.0223
0.0221
0.02185
0.02185
0.02175
0.0224
0.0227
0.02238
0.02288
0.02318
0.02328
0.02275
0.02313
0.0234
0.0229
0.02386
0.02322
0.02278
0.02307
0.023
0.02317
0.0235
0.02412
0.02421
0.02449
0.02456
0.02418
0.02374
0.02295
0.02265
0.02283
0.02398
0.02405
0.02369
0.02418
0.02396
0.02351
0.02366
0.02355
0.02395
0.0239
0.02445
0.02419
0.02476
0.02476
0.02478
0.02483
0.02422
0.02341
0.02331
0.02331
0.02287
0.02286
0.02298
0.02293
0.02293
0.0228
0.02256
0.02262
0.02301
0.02343
0.02328
0.02291
0.02265
0.02269
0.02186
0.02073
0.02125
0.02115
0.02047
0.02056
0.02048
0.02056
0.02098
0.02057
0.02013
0.01987
0.02008
0.01982
0.01996
0.01944
0.0191
0.0194
0.01938
0.01955
0.01921
0.01857
0.01898
0.0193
0.01944
0.01898
0.01954
0.02
0.01962
0.01939
0.01893
0.01877
0.01891
0.01853
0.01853
0.01853
0.01815
0.01797
0.01728
0.01725
0.01692
0.01698
0.01702
0.01725
0.01754
0.01761
0.01753
0.01724
0.017
0.01726
0.01774
0.01772
0.01746
0.0178
0.01807
0.01792
0.01827
0.01825
0.01824
0.0177
0.01772
0.01782
0.01784
0.01832
0.01862
0.01942
0.0194
0.0191
0.0194
0.01977
0.01992
0.01975
0.0197
0.02003
0.02015
0.01933
0.01888
0.01938
0.01899
0.01917
0.01859
0.01836
0.01796
0.01743
0.01708
0.01701
0.01669
0.01679
0.01683
0.01715
0.01755
0.01722
0.01734
0.01709
0.0178
0.01765
0.01765
0.0176
0.018
0.01822
0.01883
0.01818
0.01828
0.01825
0.01816
0.018
0.01779
0.01819
0.01827
0.01883
0.01821
0.01823
0.01847
0.01871
0.01866
0.01877
0.01876
0.01874
0.01902
0.01894
0.01933
0.01964
0.01951
0.01921
0.01894
0.01856
0.01821
0.01856
0.01863
0.019
0.01877
0.01841
0.01888
0.01883
0.01826
0.01787
0.01758
0.01783
0.01791
0.01798
0.01822
0.01812
0.01792
0.01815
0.01803
0.01818
0.01808
0.01821
0.01806
0.01805
0.0184
0.01821
0.01814
0.01832
0.01865
0.01857
0.01852
0.01905
0.01936
0.01948
0.01996
0.01987
0.02008
0.02129
0.02094
0.02071
0.02079
0.0206
0.02073
0.02008
0.0194
0.01927
0.01956
0.01943
0.01929
0.0193
0.01986
0.01989
0.01945
0.01963
0.01886
0.019
0.01945
0.01942
0.01948
0.0191
0.01893
0.01897
0.01924
0.01914
0.01926
0.01971
0.02024
0.01954
0.01939
0.01941
0.01882
0.01883
0.01901
0.01914
0.0185
0.01864
0.01896
0.01801
0.01804
0.01794
0.0177
0.01791
0.01787
0.01757
0.01708
0.01698
0.01712
0.01689
0.0168
0.01698
0.01734
0.0172
0.01704
0.01709
0.01704
0.01635
0.01601
0.01586
0.01577
0.01529
0.01548
0.01533
0.01547
0.01533
0.01507
0.01508
0.01481
0.01475
0.01489
0.01538
0.01495
0.01467
0.01435
0.01426
0.01479
0.01574
0.01564
0.01628
0.01559
0.01528
0.01487
0.01456
0.01483
0.01505
0.01477
0.0146
0.01435
0.01404
0.01405
0.0135
0.0135
0.01346
0.01402
0.01391
0.01326
0.01308
0.01335
0.01338
0.01353
0.01337
0.01318
0.01309
0.01318
0.01285
0.01224
0.01236
0.01241
0.0123
0.01225
0.01174
0.01105
0.01221
0.01241
0.01235
0.01453
0.01402
0.01441
0.01518
0.01492
0.01435
0.01387
0.01372
0.01338
0.01363
0.01313
0.01282
0.01279
0.01323
0.01315
0.01331
0.01368
0.01406
0.01382
0.01395
0.01371
0.01342
0.01332
0.01365
0.01388
0.01409
0.01379
0.0146
0.01413
0.01391
0.01381
0.01394
0.01441
0.01475
0.01415
0.01429
0.01433
0.01472
0.01487
0.01458
0.01429
0.01433
0.01427
0.01478
0.01471
0.01403
0.01366
0.01362
0.01323
0.01371
0.01395
0.01356
0.01276
0.01223
0.01212
0.01162
0.01077
0.01077
0.0113
0.01088
0.01089
0.01123
0.01209
0.0125
0.01194
0.01204
0.01183
0.01184
0.01193
0.01195
0.01179
0.0117
0.01166
0.01171
0.01161
0.01161
0.01156
0.01183
0.01179
0.01265
0.01238
0.01211
0.01201
0.01221
0.01223
0.01205
0.01253
0.01274
0.0126
0.01255
0.01263
0.01204
0.01203
0.01232
0.01208
0.01205
0.01162
0.01116
0.01124
0.01148
0.01146
0.01193
0.01187
0.01199
0.01221
0.01202
0.01215
0.01243
0.01224
0.0119
0.01206
0.01211
0.01205
0.01254
0.01296
0.01251
0.01253
0.01253
0.01282
0.01266
0.01247
0.01261
0.01265
0.01297
0.01392
0.01431
0.01436
0.01467
0.01484
0.01455
0.01441
0.01438
0.01471
0.01446
0.01421
0.0141
0.01398
0.01388
0.01323
0.01287
0.01318
0.01273
0.01226
0.01198
0.01211
0.0116
0.01129
0.01194
0.01168
0.01218
0.01274
0.01246
0.01226
0.01231
0.012
0.01243
0.01193
0.01188
0.01173
0.01151
0.01115
0.01118
0.01145
0.01156
0.01146
0.0111
0.01062
0.01025
0.01045
0.0104
0.01054
0.01058
0.01051
0.01041
0.01077
0.00991
0.00987
0.00971
0.01005
0.00973
0.0097
0.00968
0.00946
0.0091
0.00926
0.00945
0.00957
0.01087
0.00992
0.00962
0.00945
0.00983
0.00991
0.00991
0.01023
0.01045
0.01054
0.01094
0.0103
0.01067
0.01108
0.0117
0.01207
0.01178
0.0109
0.0111
0.01097
0.01081
0.01119
0.01085
0.01114
0.01123
0.01121
0.01084
0.01103
0.01114
0.01134
0.01081
0.01039
0.01078
0.01042
0.01018
0.00997
0.00977
0.00988
0.00982
0.00997
0.00998
0.01009
0.00993
0.01029
0.01024
0.01058
0.01064
0.01084
0.01058
0.01052
0.01041
0.01081
0.0112
0.01102
0.01149
0.01125
0.01146
0.01186
0.0123
0.01217
0.01211
0.01295
0.01335
0.01315
0.01337
0.01364
0.01337
0.0135
0.01397
0.01434
0.0145
0.01502
0.0146
0.01453
0.01414
0.01372
0.01411
0.01423
0.01468
0.01445
0.01482
0.01534
0.01601
0.01604
0.01596
0.01629
0.01607
0.01563
0.01591
0.01638
0.01653
0.01645
0.01698
0.01685
0.01644
0.01566
0.01572
0.01523
0.01474
0.01521
0.01518
0.01498
0.01443
0.01442
0.01444
0.01449
0.01483
0.01471
0.01518
0.01504
0.01475
0.01422
0.01428
0.01426
0.01521
0.01598
0.01625
0.01619
0.01599
0.01625
0.01605
0.01633
0.01629
0.016
0.01593
0.01564
0.01591
0.01604
0.01628
0.01627
0.01627
0.01638
0.01697
0.01725
0.01755
0.01847
0.01836
0.01874
0.0189
0.01894
0.01949
0.01948
0.0189
0.01942
0.01975
0.01933
0.01862
0.01901
0.01969
0.01973
0.01946
0.01965
0.01997
0.01997
0.01921
0.01932
0.01938
0.01964
0.01966
0.01934
0.02018
0.02058
0.02032
0.02061
0.02068
0.02061
0.02069
0.02092
0.02111
0.02096
0.02048
0.01971
0.0198
0.02032
0.02108
0.0211
0.02066
0.02074
0.02114
0.02171
0.02196
0.02251
0.02236
0.02298
0.02318
0.02325
0.02306
0.02293
0.02285
0.02268
0.02249
0.02341
0.02366
0.0236
0.02324
0.02346
0.02298
0.02298
0.0233
0.02264
0.02307
0.02233
0.02078
0.02084
0.02189
0.02226
0.02228
0.02165
0.02226
0.02159
0.02102
0.02168
0.02238
0.02245
0.02214
0.02218
0.02122
0.02111
0.02132
0.02198
0.02238
0.02264
0.0228
0.02362
0.02444
0.02542
0.02496
0.02539
0.02593
0.02488
0.02498
0.02502
0.02514
0.02586
0.02566
0.02577
0.02594
0.02585
0.02567
0.0252
0.0242
0.02552
0.02617
0.02646
0.0261
0.02545
0.02585
0.02486
0.02431
0.02488
0.02568
0.02609
0.02622
0.02598
0.02551
0.02504
0.02511
0.02563
0.02493
0.02395
0.02372
0.02355
0.02335
0.02277
0.02393
0.02462
0.0249
0.0255
0.02599
0.02631
0.02617
0.02626
0.02718
0.02702
0.02724
0.02718
0.02691
0.02659
0.02708
0.02735
0.02715
0.0276
0.02748
0.02794
0.02761
0.02744
0.02732
0.02782
0.02803
0.02812
0.02811
0.02754
0.02726
0.02693
0.02722
0.02792
0.02821
0.02853
0.0287
0.02901
0.02978
0.03012
0.02983
0.03008
0.03193
0.03141
0.02911
0.02897
0.02925
0.02883
0.02803
0.02797
0.02787
0.02559
0.02493
0.02577
0.02532
0.02574
0.02516
0.0248
0.02377
0.02394
0.02398
0.02462
0.02326
0.02298
0.0229
0.02263
0.02108
0.02105
0.0214
0.02265
0.02213
0.0222
0.02267
0.0235
0.02357
0.02336
0.0229
0.02307
0.02379
0.02473
0.02513
0.02506
0.02493
0.02603
0.02669
0.02659
0.02722
0.02798
0.02826
0.02878
0.0284
0.0289
0.02901
0.02845
0.02812
0.02897
0.02962
0.03009
0.02989
0.02964
0.02969
0.02935
0.02827
0.02842
0.02832
0.02934
0.029
0.0301
0.0304
0.03012
0.02977
0.02868
0.02769
0.02886
0.03071
0.03061
0.03102
0.0309
0.03047
0.03115
0.03105
0.03158
0.03215
0.03073
0.03035
0.03067
0.03062
0.03058
0.02983
0.03027
0.03115
0.03082
0.02844
0.02846
0.02833
0.02785
0.02668
0.02684
0.02578
0.02592
0.0256
0.02596
0.0253
0.02524
0.0268
0.02704
0.02801
0.02756
0.02758
0.02813
0.02898
0.02944
0.02924
0.03
0.02966
0.03071
0.03076
0.03134
0.03018
0.03238
0.03167
0.03326
0.03329
0.03403
0.03413
0.03508
0.03509
0.03602
0.03572
0.0367
0.03743
0.03627
0.03687
0.0333
0.03108
0.03135
0.03368
0.03455
0.03348
0.03367
0.03218
0.03159
0.03001
0.02994
0.02978
0.02891
0.02842
0.02965
0.03064
0.03007
0.02919
0.02962
0.02999
0.03095
0.03125
0.03345
0.0335
0.03203
0.03038
0.03098
0.03129
0.03016
0.03098
0.03181
0.03117
0.03148
0.03131
0.03109
0.03015
0.03162
0.03081
0.03081
0.031
0.03159
0.0313
0.03179
0.03226
0.0325
0.03305
0.03382
0.03416
0.03309
0.03423
0.03333
0.03311
0.03329
0.03335
0.03347
0.03259
0.03245
0.03253
0.03159
0.03037
0.02888
0.02747
0.02785
0.02685
0.02728
0.02681
0.02684
0.02432
0.02444
0.02511
0.02436
0.02329
0.0224
0.02223
0.02258
0.02229
0.02258
0.02343
0.02344
0.02457
0.02477
0.02475
0.02413
0.02498
0.0256
0.02563
0.02603
0.02552
0.02427
0.02474
0.02629
0.02769
0.02702
0.02704
0.02694
0.02704
0.02695
0.02632
0.02659
0.02717
0.0289
0.02925
0.0291
0.02954
0.03068
0.02953
0.02932
0.028
0.02789
0.02633
0.02661
0.02705
0.02645
0.0261
0.02575
0.02612
0.02584
0.02528
0.02516
0.02476
0.02528
0.02598
0.02559
0.02591
0.02637
0.02578
0.02534
0.0248
0.02431
0.02337
0.02384
0.02319
0.02363
0.02321
0.02345
0.02394
0.02401
0.02441
0.0245
0.02377
0.0235
0.02331
0.02347
0.02435
0.02487
0.02402
0.02437
0.02564
0.02608
0.02712
0.0268
0.0268
0.02699
0.02611
0.02586
0.02557
0.02542
0.02576
0.02549
0.02671
0.02685
0.02721
0.02731
0.02682
0.02746
0.02759
0.02771
0.02745
0.02746
0.02827
0.02797
0.02777
0.02788
0.02819
0.02857
0.0293
0.0298
0.02972
0.02951
0.02885
0.02869
0.02911
0.02892
0.02855
0.02886
0.02895
0.02925
0.02873
0.02855
0.02888
0.02957
0.02903
0.02913
0.0285
0.02813
0.02761
0.02668
0.02624
0.0267
0.02686
0.02736
0.02766
0.02625
0.02568
0.02621
0.02573
0.02556
0.02597
0.02569
0.02655
0.02559
0.02469
0.02444
0.02362
0.02402
0.02358
0.0239
0.0231
0.02335
0.02343
0.02444
0.02437
0.0249
0.02494
0.02482
0.02446
0.02435
0.02423
0.02549
0.0256
0.02539
0.02594
0.02561
0.02528
0.02578
0.02588
0.02571
0.02561
0.02518
0.02468
0.02435
0.02536
0.02571
0.02566
0.02633
0.02622
0.02646
0.02667
0.0267
0.0268
0.02652
0.02627
0.02627
0.02661
0.02754
0.02759
0.02912
0.02824
0.0282
0.02922
0.02832
0.02754
0.02544
0.02557
0.02517
0.02063
0.02013
0.02067
0.02147
0.02187
0.02122
0.02129
0.02063
0.02094
0.02146
0.02091
0.02065
0.02102
0.02138
0.02057
0.02036
0.02047
0.01947
0.01921
0.01991
0.02038
0.02056
0.02037
0.02067
0.02031
0.02055
0.02041
0.01963
0.01939
0.01863
0.01878
0.01864
0.01886
0.01954
0.02072
0.01948
0.02047
0.01878
0.01651
0.01686
0.01655
0.01882
0.01844
0.01965
0.0194
0.01866
0.01909
0.01881
0.01854
0.01892
0.02
0.01928
0.01927
0.01857
0.01781
0.01803
0.01761
0.01813
0.0178
0.01854
0.01858
0.01851
0.01903
0.01887
0.01873
0.01865
0.01887
0.01977
0.01935
0.02013
0.02047
0.0212
0.02108
0.02103
0.02021
0.01971
0.02008
0.01889
0.01886
0.0185
0.0182
0.01817
0.01832
0.0187
0.01889
0.01891
0.01904
0.01974
0.01926
0.01871
0.01907
0.0197
0.02026
0.0199
0.01997
0.01942
0.02001
0.02008
0.02175
0.02141
0.02097
0.02076
0.02012
0.02018
0.01944
0.02021
0.02014
0.01978
0.01995
0.02073
0.02073
0.02183
0.02159
0.02225
0.02211
0.0231
0.02232
0.02314
0.0227
0.0236
0.02376
0.0239
0.0238
0.02451
0.02478
0.02425
0.02483
0.02475
0.0246
0.02513
0.02534
0.02534
0.02606
0.02697
0.02672
0.02697
0.02539
0.02636
0.02548
0.02513
0.02422
0.02325
0.02339
0.02403
0.02526
0.0259
0.02586
0.02596
0.02626
0.0262
0.02647
0.02632
0.02685
0.02698
0.02667
0.02573
0.0258
0.02553
0.02609
0.02609
0.02689
0.0263
0.02712
0.02717
0.02571
0.02545
0.02597
0.02499
0.02432
0.02401
0.02376
0.02352
0.02471
0.02418
0.02372
0.02387
0.02319
0.02279
0.02299
0.02283
0.02237
0.02309
0.02372
0.02397
0.02469
0.02464
0.02485
0.02442
0.02414
0.02499
0.02532
0.02475
0.02539
0.02533
0.02565
0.02564
0.02559
0.02551
0.02575
0.02508
0.0249
0.02582
0.02583
0.02611
0.02616
0.02594
0.02619
0.02672
0.02637
0.0257
0.02565
0.02543
0.02536
0.0251
0.0252
0.02595
0.02628
0.02579
0.02517
0.0252
0.02569
0.0257
0.02551
0.02549
0.02563
0.02611
0.02647
0.02666
0.02733
0.02744
0.02763
0.02753
0.02781
0.02751
0.02756
0.02789
0.02754
0.02711
0.02756
0.02745
0.02658
0.02731
0.02754
0.02836
0.02867
0.02892
0.02868
0.02776
0.02853
0.02838
0.02776
0.02841
0.02845
0.02861
0.02936
0.02947
0.02911
0.02893
0.029
0.02911
0.02942
0.02914
0.02846
0.02832
0.02838
0.02828
0.02829
0.0277
0.02818
0.02856
0.02866
0.02861
0.02822
0.0282
0.02701
0.02669
0.02668
0.02678
0.02596
0.02544
0.02571
0.02529
0.02551
0.02578
0.02521
0.02466
0.02373
0.02436
0.02354
0.02386
0.02401
0.02296
0.02282
0.02333
0.02341
0.02405
0.02405
0.02452
0.02479
0.02485
0.02456
0.02511
0.0257
0.02574
0.02573
0.02609
0.02599
0.02607
0.02567
0.02606
0.02635
0.02685
0.02729
0.02764
0.02873
0.02925
0.02995
0.03026
0.02959
0.03061
0.03093
0.03149
0.03202
0.03012
0.03032
0.03143
0.03143
0.03078
0.0293
0.03026
0.03007
0.03046
0.03136
0.03173
0.03229
0.03157
0.03223
0.03172
0.03207
0.0314
0.03162
0.03102
0.03073
0.03126
0.03142
0.03157
0.03095
0.03113
0.03177
0.03181
0.03223
0.03247
0.03251
0.03246
0.03323
0.03326
0.03306
0.03326
0.03316
0.03276
0.03276
0.03341
0.03364
0.03346
0.03409
0.034
0.0334
0.03437
0.03392
0.03439
0.03447
0.03494
0.03406
0.03416
0.03398
0.03148
0.03035
0.02855
0.0284
0.028
0.02559
0.02654
0.02728
0.02598
0.02729
0.02766
0.02805
0.02794
0.02629
0.02675
0.02562
0.02527
0.02488
0.02511
0.02516
0.02439
0.02472
0.02474
0.02486
0.02536
0.02576
0.02576
0.02572
0.02456
0.02406
0.02429
0.02342
0.02323
0.0236
0.02379
0.02373
0.02359
0.02391
0.02401
0.02448
0.02555
0.02569
0.02545
0.02598
0.02677
0.02718
0.02723
0.02669
0.02758
0.02732
0.02714
0.02678
0.02655
0.02648
0.02639
0.02658
0.02756
0.02799
0.02749
0.02816
0.02838
0.02862
0.02844
0.02897
0.02848
0.02739
0.0275
0.02714
0.02643
0.02621
0.02713
0.02713
0.02696
0.02734
0.02706
0.02745
0.02888
0.02833
0.0282
0.02863
0.02797
0.02723
0.02795
0.02821
0.02937
0.02936
0.02852
0.02887
0.02851
0.02859
0.0292
0.02801
0.0284
0.02767
0.02773
0.0283
0.02771
0.02827
0.02831
0.02868
0.02963
0.02991
0.03037
0.03001
0.03006
0.03059
0.03005
0.03013
0.02966
0.02896
0.02918
0.02988
0.02918
0.02928
0.02995
0.03022
0.02998
0.03008
0.03005
0.0301
0.03038
0.02964
0.02808
0.02789
0.02749
0.02772
0.02847
0.02764
0.02776
0.02748
0.02652
0.02638
0.02628
0.02576
0.02556
0.02551
0.02582
0.02574
0.02681
0.02704
0.02702
0.02777
0.02809
0.02798
0.0289
0.02914
0.02975
0.02935
0.02896
0.03021
0.03113
0.031
0.03145
0.03123
0.03105
0.03027
0.02978
0.02961
0.02925
0.02963
0.03001
0.02938
0.02899
0.02856
0.02747
0.02788
0.02778
0.02732
0.0279
0.02852
0.02873
0.02882
0.02888
0.02858
0.02901
0.02978
0.02898
0.02926
0.03013
0.02988
0.02979
0.02799
0.02762
0.02823
0.0289
0.02895
0.02817
0.0291
0.02926
0.02925
0.02887
0.03052
0.03027
0.03002
0.02979
0.03024
0.03089
0.03064
0.03101
0.03079
0.03103
0.02878
0.0283
0.02945
0.02917
0.0301
0.0303
0.02955
0.0323
0.0312
0.03099
0.03111
0.03191
0.03141
0.03255
0.03184
0.03143
0.03126
0.03167
0.03226
0.03195
0.03142
0.03208
0.03115
0.03105
0.03077
0.02947
0.02953
0.0303
0.03007
0.02963
0.02902
0.02926
0.0291
0.03006
0.03033
0.03017
0.03096
0.03108
0.03143
0.03157
0.03163
0.03122
0.03189
0.0316
0.03246
0.03245
0.03294
0.03334
0.03415
0.03332
0.03345
0.0344
0.03427
0.03372
0.03283
0.03322
0.03276
0.03439
0.03472
0.03495
0.03443
0.03433
0.03357
0.0344
0.03414
0.03332
0.03251
0.03204
0.03304
0.03229
0.03259
0.03119
0.03117
0.03148
0.03307
0.03398
0.03403
0.03451
0.03415
0.03354
0.03372
0.03385
0.03471
0.03356
0.03323
0.03324
0.03378
0.03418
0.03411
0.03502
0.03466
0.03523
0.03497
0.03607
0.03658
0.03705
0.03725
0.03583
0.03697
0.03795
0.0383
0.03904
0.03888
0.03843
0.03835
0.03889
0.0376
0.03922
0.03846
0.03805
0.03703
0.037
0.037
0.03905
0.03799
0.03626
0.03597
0.03557
0.03547
0.03469
0.03575
0.03523
0.03522
0.03466
0.03456
0.03558
0.03543
0.03482
0.03495
0.03481
0.03471
0.03425
0.03324
0.03261
0.03322
0.03558
0.03536
0.03573
0.03647
0.03562
0.03713
0.03758
0.03773
0.03668
0.03751
0.03841
0.03849
0.03907
0.03896
0.03848
0.03916
0.03959
0.03975
0.04009
0.04108
0.04093
0.04147
0.04135
0.04182
0.04175
0.04249
0.04263
0.04321
0.0425
0.04245
0.0435
0.04413
0.04435
0.04405
0.04412
0.04484
0.04546
0.04439
0.04299
0.04239
0.04065
0.04072
0.04078
0.0398
0.04096
0.04239
0.04107
0.0404
0.04019
0.03991
0.04145
0.04103
0.04063
0.04134
0.04203
0.04068
0.04308
0.0436
0.04456
0.04566
0.04653
0.04613
0.04687
0.04752
0.04654
0.04776
0.04686
0.04699
0.0471
0.04795
0.04898
0.04941
0.05075
0.05128
0.05042
0.05131
0.05102
0.04916
0.04921
0.05078
0.05106
0.05228
0.05168
0.05204
0.04999
0.04888
0.04816
0.04684
0.04625
0.04614
0.04532
0.04437
0.04478
0.04327
0.04257
0.04222
0.04133
0.03932
0.04048
0.04027
0.0408
0.04229
0.04226
0.04303
0.04262
0.04312
0.04287
0.04405
0.04423
0.04119
0.03849
0.03857
0.03843
0.03711
0.0369
0.03833
0.03724
0.03677
0.03703
0.04153
0.04149
0.04306
0.04267
0.04276
0.04044
0.04029
0.0396
0.0396
0.04024
0.03893
0.0398
0.04038
0.04075
0.041
0.04325
0.04328
0.04471
0.04345
0.04375
0.04576
0.04526
0.0451
0.04518
0.04516
0.04406
0.04588
0.04574
0.04614
0.04594
0.04651
0.04475
0.04451
0.04512
0.04417
0.04313
0.04326
0.0427
0.04279
0.04249
0.04404
0.04441
0.04451
0.04491
0.04542
0.04542
0.04586
0.04609
0.0476
0.04816
0.04924
0.05005
0.05013
0.05047
0.05105
0.05289
0.0521
0.05187
0.05329
0.05411
0.05304
0.05315
0.05368
0.05397
0.05461
0.05603
0.05597
0.05579
0.05539
0.05152
0.05235
0.05175
0.05142
0.05063
0.05322
0.05414
0.05592
0.05453
0.05408
0.05257
0.05183
0.05121
0.05153
0.04967
0.05021
0.04952
0.04858
0.05079
0.05153
0.05173
0.05351
0.0531
0.05247
0.05129
0.05074
0.05061
0.05089
0.04948
0.05036
0.04981
0.0497
0.04971
0.05061
0.04891
0.0474
0.04685
0.04642
0.04731
0.04735
0.04692
0.04691
0.04728
0.04729
0.04924
0.04971
0.04942
0.04933
0.0493
0.05046
0.0513
0.0519
0.05261
0.05162
0.05192
0.05136
0.05198
0.052
0.05352
0.05412
0.0543
0.05692
0.0571
0.05736
0.05606
0.05703
0.05721
0.0585
0.05775
0.05542
0.05536
0.05641
0.05713
0.05786
0.05838
0.05755
0.059
0.0561
0.05895
0.05833
0.05679
0.05698
0.05625
0.05675
0.05639
0.05559
0.05698
0.05751
0.05858
0.05834
0.05828
0.05977
0.06056
0.06013
0.06004
0.06062
0.06073
0.06256
0.06279
0.06377
0.0659
0.06726
0.06668
0.0651
0.06341
0.06175
0.06421
0.06587
0.06516
0.06525
0.06588
0.06623
0.06477
0.06615
0.0668
0.06679
0.06595
0.06416
0.06416
0.0636
0.06166
0.06262
0.06069
0.06131
0.0617
0.0619
0.06048
0.06404
0.06298
0.06431
0.06464
0.06217
0.06173
0.06256
0.06281
0.06202
0.0617
0.06164
0.05917
0.05933
0.0572
0.05729
0.05701
0.0581
0.05991
0.05948
0.05845
0.05981
0.05885
0.05813
0.05704
0.05694
0.05764
0.05872
0.05856
0.0581
0.05947
0.05847
0.05669
0.05853
0.05955
0.06048
0.05819
0.05789
0.05771
0.05585
0.0543
0.0541
0.05445
0.05368
0.0538
0.05284
0.05336
0.05421
0.05373
0.05341
0.05315
0.05291
0.05324
0.05325
0.05365
0.05491
0.05605
0.05568
0.05517
0.05626
0.05718
0.05723
0.05916
0.05959
0.05967
0.05811
0.05609
0.05608
0.05605
0.0573
0.05628
0.05654
0.05691
0.05772
0.05834
0.06151
0.06125
0.06168
0.06243
0.06251
0.06232
0.06154
0.06295
0.06158
0.06234
0.06322
0.0636
0.06364
0.06492
0.06456
0.06382
0.06261
0.06293
0.06495
0.06514
0.06319
0.06564
0.06349
0.06254
0.06332
0.06164
0.06082
0.0607
0.05966
0.05916
0.05827
0.05767
0.05678
0.05834
0.06005
0.05935
0.05871
0.05871
0.06013
0.05944
0.05978
0.06112
0.06227
0.06269
0.06141
0.05979
0.05842
0.05882
0.05904
0.06099
0.06239
0.06312
0.06207
0.06354
0.0623
0.05996
0.06123
0.06176
0.06278
0.06259
0.06431
0.06488
0.06595
0.06606
0.06728
0.06593
0.06674
0.06758
0.06711
0.0682
0.06852
0.06954
0.06939
0.07097
0.07269
0.07257
0.07394
0.07396
0.07286
0.07346
0.07179
0.07215
0.07337
0.07445
0.07373
0.07184
0.07122
0.06826
0.0706
0.06983
0.0722
0.0713
0.06869
0.06866
0.06752
0.06739
0.06693
0.06652
0.06897
0.06845
0.06851
0.06988
0.06916
0.06982
0.06757
0.06877
0.06842
0.06913
0.06825
0.06717
0.06576
0.06913
0.06862
0.06567
0.06552
0.06604
0.06501
0.0664
0.06757
0.06817
0.0696
0.06991
0.06985
0.07126
0.07176
0.07302
0.0732
0.07394
0.07317
0.07288
0.07312
0.07414
0.07239
0.07314
0.07304
0.07523
0.07613
0.07512
0.07532
0.07162
0.07256
0.07296
0.07209
0.07249
0.07376
0.07536
0.07395
0.07475
0.07639
0.07763
0.07628
0.07653
0.07782
0.07793
0.07826
0.07569
0.07519
0.07378
0.07357
0.07267
0.07042
0.0713
0.07242
0.07206
0.07112
0.0714
0.07258
0.06944
0.06701
0.06715
0.06766
0.07049
0.06862
0.06594
0.06541
0.06452
0.0643
0.06241
0.06223
0.06128
0.06075
0.06023
0.06147
0.06252
0.05909
0.05927
0.05881
0.05789
0.05853
0.0576
0.06068
0.05909
0.0588
0.05628
0.05582
0.05793
0.0569
0.05925
0.0578
0.05775
0.05787
0.05897
0.05822
0.06013
0.05851
0.05774
0.05794
0.05656
0.05656
0.05879
0.05876
0.05799
0.05708
0.05613
0.05637
0.05626
0.05655
0.05702
0.05699
0.05718
0.05972
0.05918
0.05688
0.0579
0.05797
0.0595
0.05701
0.05738
0.05953
0.05866
0.0597
0.06072
0.06052
0.06122
0.06213
0.06436
0.06474
0.06397
0.06365
0.0637
0.06317
0.06367
0.06259
0.06258
0.06189
0.06285
0.06291
0.06281
0.06219
0.06313
0.06213
0.06192
0.0607
0.05941
0.05896
0.05849
0.05663
0.05458
0.05282
0.05282
0.05238
0.05211
0.05168
0.04995
0.05128
0.05119
0.05083
0.05229
0.05434
0.05393
0.05511
0.05567
0.05529
0.05471
0.05469
0.05652
0.05674
0.05693
0.05867
0.05804
0.05835
0.05724
0.05721
0.05552
0.05612
0.05505
0.05425
0.05678
0.05591
0.05774
0.05862
0.06038
0.06034
0.06028
0.05939
0.06118
0.06192
0.05978
0.05968
0.06113
0.0609
0.06025
0.06059
0.06152
0.06089
0.0604
0.06093
0.06049
0.06011
0.06018
0.06157
0.0631
0.06443
0.06425
0.06615
0.06719
0.06847
0.06894
0.068
0.06809
0.06915
0.06764
0.0686
0.06779
0.06878
0.0671
0.06634
0.06509
0.06617
0.06634
0.0668
0.06794
0.06744
0.06751
0.06728
0.06723
0.0674
0.06557
0.06485
0.06514
0.0627
0.06355
0.0635
0.06463
0.06518
0.06586
0.06674
0.06683
0.06908
0.06926
0.06951
0.07005
0.07101
0.07196
0.07072
0.06931
0.06764
0.06818
0.06865
0.0709
0.07136
0.0715
0.07236
0.07004
0.06885
0.06856
0.06924
0.07118
0.07163
0.07233
0.07217
0.07055
0.07181
0.07204
0.07136
0.07141
0.07184
0.07196
0.07222
0.0729
0.07426
0.0754
0.07658
0.0771
0.07788
0.07744
0.07824
0.07812
0.07817
0.07759
0.078
0.07837
0.07909
0.07836
0.07588
0.07521
0.07728
0.07658
0.07607
0.07701
0.07711
0.07614
0.07536
0.07269
0.07042
0.07073
0.07008
0.06957
0.0713
0.06929
0.0713
0.06877
0.0698
0.06837
0.06788
0.06773
0.06873
0.06949
0.06885
0.06966
0.07048
0.07146
0.07229
0.07422
0.07472
0.07621
0.07508
0.07497
0.07623
0.07715
0.07784
0.07827
0.07799
0.077
0.07847
0.07848
0.07891
0.07787
0.07682
0.07621
0.07888
0.08097
0.07833
0.07687
0.0778
0.07784
0.07905
0.07694
0.07782
0.07785
0.08083
0.08082
0.0825
0.08443
0.08524
0.08503
0.08425
0.08272
0.08231
0.08347
0.0854
0.08471
0.08987
0.08987
0.08987
0.09036
0.09211
0.09216
0.09399
0.09485
0.0944
0.09232
0.09156
0.08909
0.09073
0.09032
0.09199
0.09159
0.09413
0.09497
0.09533
0.09488
0.09323
0.09164
0.09234
0.08871
0.08785
0.08997
0.0907
0.08846
0.08846
0.08733
0.08777
0.09169
0.09257
0.09186
0.09032
0.09071
0.09098
0.09106
0.09103
0.09159
0.09566
0.09592
0.09368
0.09701
0.09845
0.09687
0.09419
0.09637
0.09676
0.0928
0.09186
0.09258
0.09087
0.0881
0.08896
0.08966
0.08811
0.08706
0.08769
0.09096
0.09091
0.09249
0.09246
0.09158
0.09141
0.09109
0.0896
0.08873
0.08855
0.09145
0.09393
0.09428
0.09382
0.09592
0.09696
0.09703
0.09788
0.09752
0.09607
0.09743
0.09905
0.09828
0.09983
0.1009
0.10183
0.0986
0.10095
0.10347
0.10466
0.10533
0.10678
0.10799
0.10918
0.10916
0.10441
0.10535
0.10265
0.09978
0.10093
0.09991
0.10283
0.10389
0.10268
0.10233
0.09869
0.09885
0.10231
0.10221
0.10598
0.10505
0.10746
0.10737
0.10715
0.10832
0.11084
0.11095
0.11134
0.11067
0.11135
0.11354
0.11534
0.11485
0.11662
0.1157
0.11386
0.11112
0.1073
0.11192
0.11568
0.11988
0.12027
0.11985
0.12354
0.12289
0.12311
0.12118
0.12276
0.12298
0.12219
0.12412
0.12728
0.12904
0.12972
0.12892
0.12893
0.12933
0.12785
0.1285
0.12628
0.12172
0.12236
0.13281
0.13443
0.13524
0.13452
0.13211
0.13429
0.1339
0.13127
0.12912
0.13184
0.13428
0.13454
0.13537
0.13159
0.13682
0.13938
0.1384
0.14067
0.14124
0.14395
0.13962
0.13415
0.13391
0.13581
0.14368
0.14243
0.13602
0.13331
0.13416
0.12934
0.12934
0.12718
0.12686
0.12543
0.1247
0.12567
0.12577
0.12246
0.1241
0.12416
0.12187
0.1165
0.11447
0.11694
0.11303
0.11054
0.10898
0.11068
0.11182
0.1088
0.10933
0.10902
0.10872
0.11724
0.11399
0.10974
0.1122
0.11305
0.11354
0.11349
0.10494
0.10388
0.10341
0.10251
0.10108
0.09894
0.096
0.09601
0.09437
0.09045
0.08585
0.08609
0.09089
0.09346
0.10043
0.10072
0.10209
0.10045
0.10088
0.09596
0.09352
0.09219
0.08888
0.08895
0.08471
0.08317
0.08077
0.08165
0.07458
0.07437
0.07498
0.06686
0.06414
0.06605
0.06745
0.06599
0.06295
0.06506
0.06057
0.05934
0.05887
0.064
0.06086
0.06
0.06032
0.06278
0.06109
0.05614
0.05684
0.05708
0.05476
0.05247
0.05132
0.0507
0.05082
0.0491
0.04835
0.04579
0.04491
0.04951
0.04751
0.04939
0.04772
0.04758
0.04564
0.04439
0.04383
0.03704
0.04002
0.03977
0.03934
0.04354
0.04238
0.04502
0.042
0.04184
0.04019
0.03952
0.03808
0.03527
0.03445
0.03373
0.03416
0.03522
0.03582
0.04294
0.04584
0.04889
0.04623
0.04294
0.04234
0.04086
0.04305
0.04227
0.04232
0.04342
0.04122
0.0399
0.04242
0.04313
0.048
0.04286
0.04286
0.04313
0.04417
0.04296
0.04315
0.04368
0.04392
0.04449
0.04723
0.04588
0.04424
0.04723
0.04336
0.03969
0.03941
0.04236
0.04219
0.04127
0.04018
0.04237
0.04515
0.04441
0.0426
0.04272
0.04607
0.04445
0.04348
0.04455
0.04499
0.0432
0.04219
0.04497
0.04412
0.04553
0.04522
0.04803
0.04927
0.05184
0.05132
0.05146
0.05189
0.05081
0.04905
0.04613
0.04592
0.05089
0.05048
0.05091
0.05062
0.05206
0.05233
0.05073
0.05206
0.05131
0.05183
0.05202
0.04906
0.04869
0.0485
0.04829
0.05029
0.04867
0.04864
0.05022
0.0503
0.05175
0.05326
0.05316
0.05507
0.05663
0.05602
0.05599
0.05652
0.05684
0.05625
0.05633
0.05651
0.05712
0.0591
0.05802
0.0587
0.05905
0.06128
0.06347
0.06498
0.0666
0.06767
0.06615
0.06768
0.06777
0.06761
0.06894
0.07052
0.07171
0.07062
0.06849
0.07052
0.06895
0.06996
0.07048
0.06613
0.06636
0.06847
0.06882
0.0681
0.06975
0.06811
0.06852
0.06574
0.06312
0.06154
0.05971
0.05917
0.05843
0.05825
0.06048
0.06125
0.06202
0.06354
0.06464
0.06593
0.06536
0.06806
0.06882
0.06978
0.06853
0.06579
0.06882
0.07008
0.0729
0.07382
0.07439
0.07461
0.07421
0.07379
0.07158
0.07403
0.07376
0.07133
0.06865
0.06866
0.07281
0.07375
0.07371
0.07434
0.0731
0.07074
0.07068
0.0728
0.06902
0.06878
0.0676
0.06678
0.06584
0.0692
0.06976
0.06896
0.06876
0.06691
0.06653
0.06851
0.07156
0.07072
0.06811
0.06965
0.06743
0.06499
0.0646
0.06543
0.06463
0.06582
0.06712
0.0665
0.06526
0.06851
0.06765
0.06847
0.06945
0.07075
0.07081
0.07216
0.07314
0.07458
0.07586
0.07651
0.07774
0.07836
0.07772
0.07645
0.07669
0.07511
0.07718
0.07491
0.07556
0.07568
0.07821
0.07802
0.07551
0.07718
0.07707
0.07699
0.07518
0.07481
0.07714
0.07736
0.07864
0.07645
0.07561
0.07814
0.07535
0.07657
0.076
0.07777
0.07868
0.07696
0.07776
0.07774
0.07618
0.07493
0.07363
0.07091
0.07007
0.07119
0.07133
0.07334
0.07128
0.07187
0.07274
0.07164
0.07387
0.07515
0.07659
0.07665
0.07762
0.07791
0.07905
0.07927
0.08014
0.08057
0.08006
0.08014
0.07938
0.07757
0.07761
0.07685
0.07518
0.07509
0.07413
0.07273
0.07218
0.07263
0.07275
0.07065
0.0712
0.07158
0.07394
0.07577
0.0713
0.07011
0.06962
0.0704
0.0704
0.07235
0.07149
0.07482
0.07489
0.07661
0.07688
0.07695
0.07644
0.077
0.07438
0.07636
0.07607
0.0775
0.07866
0.07788
0.0792
0.07894
0.07877
0.08029
0.07944
0.07938
0.07708
0.07945
0.08028
0.08009
0.07837
0.07809
0.07917
0.07803
0.07864
0.07798
0.07989
0.07946
0.08037
0.08263
0.08448
0.08505
0.08449
0.08263
0.08277
0.08521
0.08344
0.08581
0.0869
0.08481
0.08309
0.08473
0.08455
0.08458
0.08609
0.08672
0.08559
0.08459
0.08682
0.08619
0.08809
0.08539
0.08231
0.08021
0.07648
0.07808
0.079
0.0787
0.07941
0.07643
0.07387
0.07512
0.07186
0.06956
0.07045
0.06962
0.06718
0.07059
0.07356
0.073
0.07308
0.07278
0.07312
0.07184
0.07109
0.07143
0.07368
0.07433
0.07328
0.07511
0.07529
0.07612
0.07752
0.07705
0.07853
0.07808
0.07522
0.07517
0.07621
0.07666
0.07421
0.07494
0.07173
0.07175
0.07308
0.07297
0.07456
0.0752
0.07435
0.07645
0.07663
0.07552
0.07555
0.07629
0.07631
0.07575
0.07759
0.07727
0.0779
0.07552
0.07666
0.0786
0.0775
0.08193
0.0836
0.08376
0.0829
0.08128
0.08154
0.07989
0.07783
0.07663
0.07514
0.07456
0.07674
0.0751
0.07484
0.07348
0.07308
0.07061
0.07074
0.0745
0.07516
0.07605
0.07551
0.07553
0.07493
0.07503
0.07578
0.07748
0.07787
0.07754
0.07852
0.07889
0.07846
0.07889
0.07743
0.07942
0.07876
0.07729
0.07769
0.07873
0.07771
0.07914
0.07879
0.08077
0.08269
0.08342
0.08335
0.08501
0.08367
0.08388
0.08308
0.08299
0.08401
0.08355
0.08194
0.0823
0.08112
0.08168
0.08128
0.08075
0.08191
0.08262
0.08127
0.08297
0.08247
0.08406
0.08471
0.08533
0.08683
0.08705
0.08715
0.08793
0.08792
0.08808
0.08607
0.08549
0.08398
0.08336
0.0837
0.08317
0.08234
0.08237
0.08453
0.08478
0.0859
0.08602
0.08856
0.08937
0.09065
0.09125
0.09078
0.08974
0.08993
0.08954
0.0904
0.09063
0.09133
0.09109
0.09111
0.09131
0.09311
0.09355
0.09363
0.09308
0.09352
0.09352
0.0925
0.09323
0.09582
0.09352
0.09507
0.09495
0.09425
0.09505
0.0968
0.09786
0.09786
0.09786
0.09783
0.09842
0.09627
0.09684
0.09676
0.09676
0.09604
0.09648
0.09706
0.09897
0.1004
0.1013
0.10169
0.09943
0.09944
0.09925
0.10016
0.10074
0.09993
0.10312
0.10248
0.10278
0.10345
0.1022
0.10682
0.10977
0.11391
0.11147
0.11227
0.11334
0.11689
0.11442
0.11571
0.11658
0.11232
0.11519
0.11407
0.11407
0.11295
0.11111
0.11096
0.11418
0.11413
0.11492
0.11563
0.11565
0.11541
0.11545
0.11595
0.11558
0.11535
0.11694
0.11863
0.12007
0.12287
0.12301
0.1229
0.1263
0.12646
0.12133
0.1227
0.12274
0.12463
0.12169
0.12135
0.12426
0.12364
0.12455
0.12494
0.12659
0.12664
0.12401
0.12155
0.11193
0.11369
0.11321
0.11782
0.11566
0.11287
0.11308
0.11372
0.10939
0.11254
0.1132
0.11125
0.11013
0.11252
0.11447
0.11506
0.11485
0.11718
0.11615
0.1143
0.11509
0.1154
0.11614
0.11843
0.11995
0.11871
0.12049
0.12035
0.11467
0.11469
0.11374
0.11221
0.11202
0.11359
0.10827
0.10479
0.10457
0.10757
0.11149
0.11171
0.10982
0.11321
0.11355
0.1174
0.1174
0.11735
0.11736
0.11846
0.11738
0.11806
0.11705
0.11818
0.11852
0.11825
0.11899
0.11827
0.11814
0.11799
0.11816
0.11593
0.11637
0.11602
0.11374
0.11022
0.10692
0.10306
0.10363
0.10384
0.10782
0.10817
0.10889
0.10969
0.11137
0.10836
0.10937
0.10883
0.11035
0.11191
0.11191
0.11229
0.11559
0.11648
0.11643
0.11592
0.11329
0.1175
0.11799
0.1151
0.11475
0.11408
0.1131
0.11671
0.11626
0.11289
0.11439
0.11426
0.10921
0.10917
0.1079
0.10954
0.10852
0.10708
0.10542
0.10361
0.10184
0.10377
0.10438
0.10656
0.10949
0.10922
0.11244
0.11245
0.11433
0.11292
0.11208
0.11176
0.109
0.1116
0.11167
0.11211
0.11043
0.11245
0.11001
0.10843
0.10697
0.11082
0.11076
0.11222
0.11475
0.11561
0.11529
0.11332
0.11443
0.11257
0.1119
0.11191
0.10925
0.10782
0.10598
0.10777
0.10683
0.10608
0.10938
0.11125
0.11122
0.10883
0.10959
0.11018
0.11016
0.11007
0.10823
0.10791
0.10782
0.10925
0.10572
0.10452
0.104
0.10455
0.1078
0.108
0.10898
0.10928
0.10754
0.10689
0.10809
0.11112
0.11337
0.11359
0.11196
0.11107
0.1133
0.11166
0.11297
0.10988
0.11055
0.10981
0.10954
0.1085
0.10946
0.10838
0.10848
0.10908
0.1105
0.11024
0.11026
0.11196
0.11096
0.11256
0.11547
0.11686
0.11718
0.1184
0.11813
0.11873
0.1183
0.12025
0.121
0.12069
0.12085
0.12307
0.12453
0.12489
0.12646
0.12402
0.12223
0.12576
0.12593
0.12668
0.12503
0.12537
0.12796
0.12808
0.12727
0.12814
0.12698
0.12363
0.12509
0.12576
0.12438
0.12389
0.12249
0.12521
0.12585
0.12525
0.12441
0.12323
0.12341
0.12444
0.12304
0.12358
0.12189
0.12041
0.12057
0.12062
0.11823
0.11741
0.11518
0.117
0.11808
0.11666
0.11774
0.11745
0.11933
0.1193
0.11866
0.11957
0.11757
0.11591
0.11166
0.11048
0.11189
0.11224
0.1125
0.11079
0.1114
0.1098
0.10931
0.10803
0.10902
0.10976
0.10688
0.1072
0.10786
0.10755
0.10385
0.10386
0.09863
0.09774
0.09865
0.10114
0.10005
0.09757
0.0986
0.09659
0.09729
0.09646
0.09713
0.09521
0.09514
0.0935
0.08922
0.08922
0.08869
0.09019
0.09206
0.09102
0.09417
0.09528
0.09989
0.10154
0.0985
0.09994
0.09915
0.09923
0.09918
0.10191
0.1021
0.10421
0.10592
0.10779
0.10698
0.10391
0.10357
0.10235
0.10477
0.1063
0.10654
0.10593
0.10678
0.10755
0.10957
0.11001
0.11239
0.11342
0.11352
0.11313
0.11448
0.1139
0.11551
0.11612
0.1152
0.1155
0.11603
0.11577
0.11745
0.11576
0.11374
0.11262
0.11253
0.11228
0.11393
0.11498
0.11332
0.1145
0.11364
0.11384
0.11486
0.11486
0.116
0.11748
0.1167
0.11329
0.10849
0.10941
0.11127
0.1092
0.11077
0.10899
0.11145
0.11136
0.11258
0.11249
0.10932
0.11048
0.11217
0.1126
0.11432
0.11611
0.11618
0.11517
0.115
0.115
0.11349
0.11258
0.11189
0.10962
0.10753
0.10766
0.10764
0.1089
0.10933
0.1094
0.10989
0.10884
0.10679
0.10559
0.10927
0.10821
0.10723
0.10861
0.11023
0.10882
0.10966
0.11007
0.10681
0.11006
0.11001
0.11081
0.11014
0.11018
0.10933
0.10826
0.11047
0.11084
0.11127
0.10999
0.10896
0.10801
0.10716
0.10825
0.1076
0.11017
0.11018
0.10928
0.10935
0.10996
0.10995
0.11057
0.10913
0.10844
0.11072
0.11004
0.11005
0.1108
0.11298
0.11303
0.11258
0.11249
0.11303
0.11307
0.11297
0.1103
0.11132
0.11172
0.11097
0.11101
0.11171
0.11272
0.11368
0.11459
0.11388
0.11392
0.11522
0.11542
0.11555
0.11555
0.11606
0.11703
0.11661
0.11717
0.1189
0.11829
0.11789
0.11843
0.11848
0.1174
0.11704
0.11623
0.11419
0.11374
0.11455
0.11296
0.11224
0.1122
0.11014
0.1099
0.11042
0.11027
0.11042
0.10891
0.10864
0.10848
0.10751
0.1081
0.10932
0.10854
0.10691
0.10827
0.10641
0.10651
0.10666
0.1071
0.10851
0.10846
0.10876
0.10966
0.10782
0.10509
0.10398
0.10316
0.10408
0.1048
0.10362
0.10058
0.09932
0.09788
0.09684
0.09748
0.09894
0.09907
0.09925
0.10071
0.10162
0.10239
0.10288
0.10153
0.09834
0.10032
0.1046
0.105
0.10518
0.10379
0.10359
0.10131
0.10217
0.1027
0.10157
0.10427
0.10383
0.10455
0.1031
0.10214
0.10046
0.10124
0.10377
0.10214
0.10179
0.10043
0.10163
0.10204
0.10351
0.10337
0.10407
0.10387
0.1015
0.10311
0.10338
0.1051
0.1058
0.10521
0.10556
0.10272
0.10036
0.0998
0.10151
0.10062
0.10274
0.10249
0.10319
0.10396
0.10612
0.10746
0.10775
0.1079
0.10843
0.10818
0.10903
0.10905
0.10929
0.10967
0.10971
0.10934
0.10882
0.10927
0.10823
0.1081
0.10757
0.1081
0.10747
0.10789
0.10994
0.10963
0.10981
0.10877
0.10839
0.10732
0.10849
0.10928
0.11069
0.11026
0.11158
0.11182
0.11141
0.11074
0.11082
0.11051
0.11212
0.11223
0.11521
0.11627
0.11691
0.11597
0.11549
0.11565
0.11581
0.11715
0.1152
0.1121
0.11237
0.11311
0.11331
0.11086
0.10905
0.10909
0.11066
0.11022
0.10856
0.10768
0.10946
0.10886
0.10945
0.10785
0.10732
0.10909
0.10949
0.10942
0.10966
0.11056
0.10902
0.11163
0.11065
0.11013
0.11067
0.11079
0.10955
0.1094
0.10947
0.10957
0.10774
0.10663
0.1057
0.10829
0.10804
0.10841
0.10753
0.10578
0.10485
0.10501
0.10546
0.10308
0.10429
0.10576
0.10629
0.1069
0.10829
0.10825
0.1088
0.10829
0.10827
0.1099
0.11136
0.11083
0.11204
0.11132
0.11107
0.11149
0.11306
0.11327
0.11207
0.1115
0.11007
0.10891
0.10947
0.10899
0.10808
0.1103
0.10891
0.10956
0.11078
0.11215
0.11158
0.11157
0.11165
0.11206
0.11047
0.10995
0.10794
0.10657
0.10671
0.10701
0.10742
0.10749
0.10644
0.10802
0.10712
0.10809
0.10746
0.10845
0.10801
0.10917
0.10969
0.10969
0.10914
0.10872
0.1091
0.10883
0.10936
0.10816
0.10655
0.10704
0.10681
0.10815
0.11012
0.11018
0.10921
0.10862
0.10898
0.10863
0.11014
0.11037
0.10942
0.10903
0.10976
0.10919
0.10939
0.10854
0.10898
0.11126
0.10917
0.10815
0.10799
0.10914
0.10827
0.10835
0.10788
0.10748
0.10808
0.10699
0.10679
0.10595
0.10573
0.1072
0.10659
0.10701
0.1059
0.10658
0.10664
0.10595
0.1057
0.10337
0.10488
0.10641
0.10489
0.10583
0.10739
0.1071
0.10734
0.10768
0.1091
0.10971
0.10979
0.10969
0.10854
0.10848
0.10979
0.10953
0.10912
0.10989
0.10863
0.10863
0.10948
0.10948
0.1083
0.10817
0.10819
0.10826
0.10837
0.10878
0.10987
0.10974
0.1109
0.11084
0.11035
0.11132
0.11089
0.11019
0.11001
0.10981
0.10909
0.10998
0.10921
0.10934
0.10887
0.10907
0.10843
0.10921
0.11055
0.10918
0.10983
0.11218
0.11315
0.11342
0.11402
0.11425
0.11519
0.11455
0.11362
0.11374
0.11284
0.11261
0.11262
0.11103
0.11084
0.11018
0.10898
0.1087
0.10765
0.10684
0.1062
0.10577
0.10473
0.10473
0.10541
0.10604
0.10603
0.10571
0.10648
0.10685
0.10578
0.10689
0.1067
0.10698
0.10647
0.10494
0.10345
0.10363
0.10282
0.10417
0.10402
0.10336
0.10347
0.10168
0.10227
0.10115
0.10113
0.09937
0.09974
0.09992
0.10028
0.10009
0.10049
0.1005
0.1004
0.10071
0.10112
0.10021
0.10088
0.10121
0.09951
0.09953
0.09808
0.09626
0.09642
0.09631
0.09643
0.09739
0.0977
0.09682
0.09675
0.09537
0.09487
0.09453
0.0952
0.09508
0.0957
0.09467
0.09457
0.09129
0.0908
0.09065
0.0909
0.09025
0.09047
0.08866
0.08782
0.08636
0.08402
0.08402
0.08527
0.08442
0.08517
0.08638
0.08594
0.086
0.08564
0.08557
0.08691
0.0855
0.08417
0.0849
0.08212
0.08288
0.08208
0.0832
0.0829
0.08094
0.08042
0.07774
0.07751
0.07686
0.07723
0.07721
0.07761
0.0792
0.07962
0.07762
0.07739
0.07189
0.07087
0.07113
0.07013
0.06848
0.068
0.06564
0.06611
0.06332
0.06365
0.06167
0.06109
0.06026
0.05984
0.05881
0.05887
0.05831
0.05907
0.05867
0.05872
0.05786
0.0556
0.05527
0.05538
0.05108
0.05012
0.04906
0.04943
0.04764
0.0469
0.04513
0.04582
0.04766
0.04738
0.04649
0.0465
0.04609
0.04669
0.04607
0.04655
0.04707
0.04661
0.04752
0.05174
0.05441
0.05507
0.05598
0.05588
0.057
0.05579
0.05348
0.05623
0.06033
0.06157
0.06078
0.06072
0.05878
0.06099
0.05978
0.06033
0.05977
0.06139
0.06189
0.06075
0.06118
0.05918
0.06033
0.05915
0.05867
0.05595
0.05646
0.05666
0.0548
0.052
0.05217
0.05259
0.05296
0.05388
0.05382
0.05361
0.05418
0.05702
0.05644
0.05399
0.05369
0.05573
0.05573
0.05573
0.05755
0.05642
0.05604
0.05682
0.05714
0.05769
0.05932
0.06013
0.06131
0.0612
0.06012
0.06012
0.06266
0.06296
0.06286
0.06261
0.06397
0.0639
0.06413
0.06462
0.06544
0.06622
0.06493
0.06382
0.06282
0.06509
0.06633
0.06558
0.06469
0.06515
0.06348
0.06352
0.0647
0.0647
0.06165
0.06135
0.06012
0.06316
0.06287
0.06314
0.06278
0.06034
0.06036
0.06133
0.06323
0.06468
0.06376
0.06319
0.06099
0.06075
0.06075
0.06137
0.05941
0.06054
0.06167
0.06163
0.06024
0.06014
0.05903
0.06031
0.06165
0.06173
0.05906
0.05719
0.05472
0.0557
0.05783
0.05772
0.05763
0.0572
0.05734
0.05731
0.05638
0.05642
0.05594
0.05636
0.05576
0.05429
0.05407
0.0543
0.05473
0.05429
0.05329
0.04949
0.04908
0.04904
0.0478
0.04754
0.0483
0.04733
0.04829
0.04801
0.04779
0.04777
0.047
0.04575
0.04563
0.04384
0.04159
0.04186
0.04176
0.04446
0.04797
0.0488
0.04767
0.05041
0.04859
0.04642
0.04888
0.04804
0.04777
0.04687
0.04587
0.04591
0.04935
0.04827
0.04728
0.04764
0.04669
0.048
0.04706
0.04728
0.04604
0.04758
0.04729
0.04748
0.04655
0.04945
0.05134
0.05166
0.05213
0.05208
0.05095
0.04894
0.04825
0.04787
0.04896
0.04751
0.04693
0.04672
0.04659
0.0463
0.04657
0.04554
0.0476
0.04804
0.048
0.04791
0.048
0.04696
0.04719
0.04609
0.04538
0.04644
0.04498
0.04498
0.04198
0.04028
0.04128
0.04145
0.04222
0.04249
0.0437
0.04438
0.04356
0.04355
0.04307
0.04373
0.04297
0.04192
0.042
0.04144
0.03969
0.03944
0.03904
0.03865
0.03699
0.03651
0.03766
0.03696
0.03629
0.03676
0.03534
0.03526
0.03579
0.03722
0.03708
0.03685
0.03565
0.03661
0.03628
0.03556
0.03389
0.03357
0.03167
0.03014
0.02914
0.02858
0.02884
0.0288
0.02736
0.02736
0.02601
0.02759
0.03046
0.02982
0.03094
0.03183
0.03301
0.03314
0.03245
0.03098
0.03238
0.03276
0.03235
0.03164
0.03015
0.02964
0.02882
0.0318
0.03109
0.03321
0.0332
0.03166
0.03359
0.0319
0.0315
0.03283
0.03576
0.03592
0.03573
0.03638
0.03575
0.03761
0.03902
0.03916
0.04026
0.03863
0.03941
0.03806
0.03749
0.03838
0.03929
0.03926
0.03991
0.04054
0.03884
0.03833
0.03833
0.03675
0.03675
0.03675
0.03642
0.03605
0.03588
0.03777
0.03715
0.04071
0.04158
0.04302
0.04281
0.04302
0.04132
0.04164
0.04302
0.04309
0.04348
0.04397
0.04297
0.04394
0.04417
0.0456
0.04564
0.04582
0.04309
0.04308
0.04439
0.0446
0.04243
0.04401
0.04608
0.04643
0.04705
0.04849
0.04871
0.04893
0.04701
0.04854
0.04777
0.04842
0.04887
0.04952
0.04909
0.04926
0.04881
0.04905
0.0485
0.04894
0.04976
0.05073
0.05059
0.0497
0.04936
0.04788
0.04747
0.04566
0.04657
0.04868
0.04818
0.04843
0.04863
0.04669
0.04507
0.04629
0.0484
0.04805
0.04765
0.04802
0.04564
0.0457
0.04593
0.04453
0.04404
0.04672
0.04467
0.04601
0.04625
0.04535
0.0457
0.04582
0.04499
0.04424
0.04376
0.04356
0.04278
0.04187
0.04076
0.04017
0.04
0.04045
0.04133
0.04247
0.04324
0.04337
0.04219
0.04423
0.04512
0.04731
0.04827
0.04858
0.04946
0.04939
0.0481
0.0487
0.04756
0.04925
0.04966
0.04966
0.04794
0.04794
0.04505
0.04596
0.04672
0.04621
0.047
0.04923
0.04837
0.04782
0.04648
0.04565
0.04583
0.04526
0.04604
0.04524
0.04599
0.04721
0.04671
0.04661
0.04495
0.04549
0.04843
0.04824
0.04861
0.04881
0.04957
0.05014
0.05049
0.05154
0.05048
0.04953
0.04929
0.04887
0.04931
0.04981
0.05185
0.05042
0.05028
0.0498
0.04908
0.04898
0.04913
0.04778
0.0462
0.04577
0.04426
0.04384
0.04306
0.04283
0.04347
0.04388
0.04367
0.04161
0.04183
0.04415
0.04507
0.04457
0.04441
0.04596
0.0461
0.04654
0.04754
0.04632
0.04664
0.04468
0.04795
0.05228
0.05235
0.0533
0.05231
0.0519
0.0516
0.05219
0.05399
0.05328
0.05315
0.05172
0.05415
0.05353
0.05456
0.05301
0.05404
0.05393
0.05495
0.05497
0.05496
0.05505
0.05457
0.05499
0.0559
0.05439
0.0532
0.05361
0.05451
0.05437
0.0543
0.05468
0.05377
0.05318
0.05504
0.0548
0.0547
0.05434
0.05589
0.0548
0.05477
0.05525
0.05579
0.05594
0.05592
0.05502
0.05379
0.05442
0.05398
0.0552
0.05415
0.05496
0.05457
0.05416
0.05448
0.05525
0.05634
0.0549
0.05582
0.05469
0.05465
0.05336
0.05572
0.05416
0.05412
0.05473
0.05461
0.0533
0.05065
0.05063
0.0501
0.0496
0.05063
0.05056
0.05058
0.05067
0.05014
0.04956
0.05017
0.04997
0.05012
0.05072
0.05136
0.05225
0.0522
0.05204
0.05308
0.05341
0.05362
0.05424
0.05479
0.05473
0.05475
0.05505
0.05479
0.0526
0.05243
0.05066
0.04993
0.04945
0.04937
0.04999
0.04946
0.04946
0.05041
0.04931
0.04882
0.04753
0.04745
0.04661
0.04706
0.04809
0.04918
0.04908
0.05129
0.05121
0.05176
0.05171
0.05278
0.05335
0.05319
0.05329
0.05225
0.05084
0.05225
0.05065
0.0494
0.05041
0.04846
0.04825
0.04811
0.04708
0.0463
0.04664
0.04718
0.04695
0.04547
0.04561
0.0457
0.04593
0.04398
0.04462
0.04446
0.04414
0.04409
0.04617
0.04645
0.04702
0.04708
0.04913
0.04915
0.04758
0.04853
0.04647
0.04657
0.04668
0.04673
0.04765
0.04789
0.04766
0.04792
0.04834
0.04854
0.04747
0.04781
0.04919
0.05008
0.05067
0.052
0.05199
0.05077
0.05209
0.05288
0.05248
0.05142
0.05218
0.05216
0.05259
0.05147
0.05129
0.0499
0.05039
0.05037
0.05096
0.05194
0.05229
0.05231
0.05173
0.05187
0.05187
0.05164
0.05191
0.05269
0.05315
0.0526
0.05363
0.05448
0.05416
0.05455
0.0542
0.05506
0.05552
0.05676
0.05618
0.0555
0.05658
0.0572
0.05773
0.05816
0.05942
0.05977
0.05874
0.0588
0.05702
0.05567
0.05612
0.056
0.05709
0.0555
0.05529
0.05662
0.05613
0.05613
0.05686
0.05749
0.05763
0.05805
0.05782
0.05789
0.05769
0.05784
0.05845
0.05875
0.06015
0.06065
0.06135
0.06098
0.06079
0.06142
0.06427
0.06436
0.06396
0.06449
0.06435
0.06294
0.06091
0.06125
0.06118
0.06134
0.06134
0.06228
0.06292
0.06327
0.06358
0.06325
0.06356
0.06374
0.06353
0.06457
0.06345
0.06345
0.06225
0.06237
0.06386
0.06562
0.06496
0.06366
0.06372
0.06381
0.06445
0.06369
0.06443
0.06464
0.06461
0.06603
0.0668
0.06673
0.06665
0.06785
0.06873
0.06801
0.06848
0.06908
0.06979
0.07036
0.06964
0.07031
0.0694
0.06919
0.06948
0.06856
0.06932
0.06981
0.06991
0.07108
0.07008
0.06841
0.06778
0.06778
0.0686
0.06745
0.06769
0.06675
0.06574
0.06426
0.06304
0.0622
0.06194
0.06229
0.06286
0.0643
0.06495
0.06468
0.06481
0.06612
0.06704
0.06796
0.06759
0.06608
0.06423
0.06426
0.06578
0.06567
0.06509
0.06387
0.06519
0.06453
0.0642
0.06361
0.06367
0.06468
0.06482
0.066
0.06815
0.06898
0.06903
0.06881
0.06863
0.06813
0.06902
0.06902
0.06604
0.06654
0.06651
0.06819
0.07067
0.07274
0.07144
0.07318
0.07205
0.07171
0.07373
0.07485
0.07462
0.07454
0.07586
0.07379
0.07539
0.07533
0.07592
0.07485
0.07314
0.07345
0.07475
0.07416
0.0776
0.07759
0.07737
0.07817
0.07894
0.07819
0.08009
0.07838
0.07834
0.08042
0.07869
0.0789
0.0766
0.07451
0.07589
0.07645
0.07454
0.07341
0.07291
0.07323
0.07523
0.07511
0.07458
0.07486
0.07507
0.07477
0.07202
0.07487
0.07492
0.07425
0.07287
0.07367
0.07282
0.07358
0.07609
0.07626
0.07744
0.07671
0.07587
0.07699
0.07709
0.07498
0.07708
0.0778
0.07535
0.07211
0.07411
0.07103
0.07087
0.07052
0.07194
0.07199
0.07345
0.07353
0.07367
0.07451
0.07484
0.07499
0.07416
0.07228
0.07295
0.07248
0.07251
0.07231
0.07071
0.07055
0.071
0.07062
0.07077
0.06838
0.06921
0.07014
0.07111
0.07165
0.07296
0.07373
0.07441
0.07441
0.07591
0.07607
0.07705
0.07694
0.07781
0.07751
0.07668
0.07567
0.07555
0.07677
0.07822
0.08002
0.07766
0.07787
0.07822
0.07925
0.07943
0.07903
0.0789
0.08089
0.08221
0.08187
0.08154
0.08272
0.08494
0.08563
0.08545
0.08607
0.08512
0.08422
0.08516
0.08382
0.08135
0.08071
0.08091
0.08053
0.07991
0.0803
0.08038
0.08045
0.07867
0.07734
0.0773
0.0774
0.07756
0.07568
0.07484
0.07125
0.07111
0.07268
0.07064
0.0701
0.06929
0.06901
0.06981
0.06545
0.06488
0.06561
0.06529
0.06414
0.0615
0.06165
0.06111
0.05769
0.0597
0.05958
0.05797
0.05829
0.05771
0.06017
0.06122
0.0614
0.05783
0.06171
0.06029
0.05973
0.05994
0.05903
0.05856
0.05759
0.05526
0.0556
0.05284
0.05193
0.05149
0.05057
0.05406
0.05323
0.05564
0.0571
0.05691
0.05946
0.06047
0.05924
0.0588
0.05865
0.05981
0.05985
0.06204
0.06218
0.0609
0.06105
0.06109
0.06149
0.05971
0.06098
0.06189
0.06246
0.06186
0.06226
0.06167
0.06222
0.06101
0.06137
0.0613
0.06258
0.06327
0.064
0.06565
0.06641
0.06586
0.06682
0.06691
0.06691
0.06402
0.06451
0.06555
0.06503
0.06371
0.06444
0.06424
0.06451
0.06482
0.06566
0.06506
0.06533
0.06589
0.06618
0.06611
0.06665
0.06713
0.06835
0.0683
0.06629
0.06737
0.06751
0.06735
0.06608
0.06793
0.06908
0.06968
0.06921
0.0698
0.06993
0.07112
0.07102
0.07163
0.0713
0.07157
0.0709
0.07074
0.07114
0.07071
0.07071
0.07439
0.07359
0.07494
0.07103
0.07122
0.07219
0.07201
0.07056
0.07195
0.07195
0.07098
0.07109
0.07061
0.07163
0.07235
0.07253
0.07309
0.0747
0.07394
0.07321
0.07294
0.07194
0.06837
0.06798
0.07019
0.07064
0.06955
0.06678
0.06316
0.06356
0.06214
0.06277
0.0641
0.06431
0.06356
0.06166
0.06328
0.06313
0.06256
0.06335
0.06285
0.06544
0.06599
0.06516
0.06624
0.06685
0.06678
0.06752
0.0651
0.06272
0.06353
0.06362
0.06423
0.06489
0.0643
0.06641
0.06764
0.06665
0.06686
0.06587
0.06367
0.0607
0.06104
0.06196
0.06228
0.06383
0.06347
0.06246
0.06229
0.06255
0.06407
0.0629
0.06112
0.05932
0.05863
0.05503
0.05629
0.05737
0.05713
0.0599
0.05786
0.05737
0.059
0.05979
0.05903
0.0606
0.05981
0.05864
0.05864
0.05844
0.06042
0.06059
0.06104
0.05855
0.05793
0.06068
0.0627
0.06128
0.06399
0.06467
0.06302
0.06076
0.06125
0.06842
0.06559
0.06429
0.06425
0.06523
0.06466
0.06413
0.06241
0.06208
0.06248
0.06099
0.06006
0.05792
0.05801
0.05913
0.05946
0.05814
0.0597
0.05908
0.06059
0.05881
0.05919
0.0593
0.05935
0.05996
0.05895
0.0605
0.06052
0.06171
0.06206
0.06039
0.06105
0.06022
0.0593
0.06017
0.06252
0.06272
0.06211
0.0626
0.062
0.06258
0.06219
0.06227
0.06246
0.06332
0.06282
0.06237
0.0638
0.06499
0.06483
0.06467
0.06482
0.06503
0.06468
0.0645
0.0632
0.06295
0.06525
0.06567
0.0665
0.06644
0.06657
0.06537
0.06667
0.06744
0.06804
0.06899
0.06912
0.0697
0.06866
0.06749
0.06926
0.06891
0.0683
0.06777
0.06705
0.06908
0.07025
0.06874
0.06731
0.06658
0.06677
0.06414
0.06445
0.06329
0.06463
0.06405
0.06463
0.06366
0.06211
0.06126
0.05934
0.05854
0.05937
0.05946
0.05772
0.05777
0.054
0.0539
0.05536
0.05518
0.05453
0.05339
