1863
1845
1855
1860
1863
1860
1860
1858
1865
1868
1875
1878
1865
1875
1878
1878
1868
1878
1890
1903
1905
1905
1910
1890
1875
1870
1908
1915
1908
1898
1925
1933
1948
1950
1948
1968
1973
1983
1988
2028
2040
2063
2055
2035
2033
2015
1958
1930
1978
1998
2020
2003
2095
2065
1980
1975
1965
1943
1945
1950
1940
1925
1885
1875
1850
1830
1810
1748
1755
1810
1828
1820
1863
1843
1840
1818
1813
1760
1768
1790
1830
1818
1815
1853
1853
1843
1830
1828
1848
1848
1868
1860
1865
1850
1848
1850
1865
1878
1860
1858
1863
1860
1855
1855
1868
1868
1900
1910
1878
1893
1913
1898
1875
1880
1885
1875
1880
1863
1838
1793
1785
1795
1750
1775
1780
1785
1780
1768
1740
1718
1748
1760
1790
1783
1768
1773
1778
1770
1765
1770
1793
1800
1778
1758
1743
1755
1773
1680
1620
1593
1503
1560
1540
1670
1725
1710
1700
1738
1785
1760
1795
1708
1790
1688
1665
1595
1638
1655
1665
1683
1710
1683
1708
1670
1645
1613
1610
1628
1610
1618
1615
1618
1610
1650
1640
1613
1610
1575
1568
1563
1585
1548
1555
1538
1558
1535
1485
1465
1473
1418
1380
1400
1400
1390
1380
1398
1448
1488
1428
1430
1445
1443
1493
1538
1503
1540
1565
1545
1555
1560
1570
1565
1550
1538
1553
1555
1620
1648
1655
1665
1685
1745
1705
1678
1700
1715
1713
1718
1740
1688
1660
1595
1608
1615
1615
1645
1650
1638
1648
1640
1650
1660
1660
1640
1625
1645
1623
1630
1618
1618
1625
1623
1620
1633
1633
1645
1625
1623
1628
1630
1585
1553
1585
1570
1543
1548
1500
1500
1513
1518
1515
1493
1483
1455
1418
1395
1405
1398
1450
1550
1505
1463
1400
1410
1410
1425
1500
1493
1548
1563
1583
1580
1538
1545
1570
1575
1560
1535
1500
1450
1485
1548
1540
1510
1513
1498
1480
1485
1475
1478
1485
1503
1480
1485
1463
1450
1448
1445
1440
1415
1400
1368
1335
1318
1330
1325
1270
1340
1390
1350
1323
1285
1315
1305
1320
1320
1310
1258
1275
1250
1193
1160
1165
1120
1130
1135
1220
1235
1245
1255
1320
1355
1290
1335
1350
1348
1220
1208
1208
1233
1260
1260
1218
1235
1250
1275
1275
1260
1270
1303
1303
1300
1300
1270
1205
1208
1213
1335
1333
1298
1470
1473
1425
1435
1493
1480
1473
1440
1470
1505
1490
1520
1518
1535
1558
1560
1530
1528
1533
1525
1538
1625
1610
1590
1623
1640
1653
1658
1685
1700
1675
1690
1685
1740
1750
1778
1795
1810
1815
1698
1705
1770
1773
1718
1685
1638
1640
1695
1675
1650
1660
1675
1658
1640
1650
1683
1675
1715
1715
1738
1720
1695
1710
1705
1755
1723
1725
1745
1773
1773
1755
1755
1780
1763
1810
1863
1908
1895
1930
1918
1963
1960
1993
1973
1945
2000
2045
1965
1990
1975
1908
1940
1960
1995
1985
1995
1963
1988
2020
2150
2225
2160
2120
2115
2105
2065
2015
1915
1888
1970
1940
1880
1903
1888
1930
1920
1920
1980
1858
1860
1830
1740
1770
1815
1820
1765
1773
1803
1825
1808
1815
1855
1850
1815
1780
1795
1718
1680
1690
1695
1665
1685
1688
1713
1730
1803
1823
1820
1800
1820
1828
1840
1860
1875
1830
1785
1783
1763
1765
1760
1790
1805
1805
1785
1798
1783
1730
1705
1650
1628
1638
1630
1623
1610
1640
1615
1605
1628
1645
1693
1700
1685
1700
1700
1695
1683
1690
1710
1708
1705
1695
1698
1710
1713
1720
1733
1743
1745
1780
1780
1783
1798
1790
1805
1790
1788
1805
1790
1780
1785
1753
1745
1745
1755
1793
1823
1858
1873
1878
1843
1845
1825
1855
1885
1923
1960
1938
1953
1943
1933
1920
1888
1880
1888
1848
1870
1898
1893
1923
1920
1900
1895
1890
1890
1885
1905
1885
1870
1865
1865
1875
1880
1868
1860
1840
1848
1850
1823
1815
1848
1868
1928
1918
1928
1933
1915
1945
1953
1978
1968
1968
1998
2028
2023
2013
2050
2090
2085
2105
2120
2265
2250
2313
2138
2103
2195
2188
2213
2160
2115
2045
2078
2128
2088
2023
2018
2055
2063
2073
2073
2050
2058
2073
2073
2060
2015
2005
1975
1968
2003
1960
1990
1988
1995
1968
1950
1935
1878
1890
1923
1920
1933
1918
1915
1918
1895
1873
1868
1830
1853
1833
1848
1840
1783
1775
1778
1783
1788
1823
1810
1803
1790
1795
1818
1820
1795
1755
1710
1653
1593
1530
1580
1570
1533
1613
1635
1695
1675
1650
1660
1643
1635
1643
1658
1593
1558
1565
1618
1645
1670
1673
1740
1740
1725
1705
1708
1665
1648
1570
1580
1595
1548
1598
1530
1543
1535
1478
1480
1503
1468
1473
1495
1490
1530
1515
1483
1475
1475
1475
1540
1558
1558
1533
1540
1573
1540
1548
1548
1523
1535
1498
1558
1570
1588
1703
1770
1758
1770
1785
1800
1873
1908
1900
1873
1903
1898
1923
1993
2225
2413
2728
2735
2515
2590
2630
2663
2710
2653
2720
2845
2890
2905
3045
3235
3165
2765
2765
2765
2750
2780
3053
3008
3123
3215
3145
3145
3210
3128
3188
3335
3490
3595
3508
3565
3695
4075
3990
4085
4145
4100
3895
3545
3755
3720
3905
3920
4090
4020
4115
3990
3828
3893
3533
3565
3320
2745
2895
3010
3290
3373
3465
3550
3430
3565
3505
3380
3320
3455
3485
3425
3285
3365
3195
3220
3055
3085
3010
3065
3140
3205
3510
3483
3410
3465
3120
3125
3150
3020
2735
2830
2875
2803
2728
2780
2845
2820
2755
2813
2755
2690
2770
2770
2705
2743
2835
2678
2505
2408
2593
2573
2235
2658
2605
2955
2925
3028
2110
1910
1925
2073
2215
2090
2080
2040
2075
2095
2070
2080
2045
2020
2093
2090
2065
2123
2110
2100
2050
1835
1768
1785
1875
1855
1780
1783
1800
1865
1950
1933
2020
2005
1985
1965
1910
1860
1843
2033
1998
1905
1830
1895
1898
1880
1895
1860
1835
1815
1800
1800
1763
1775
1800
1835
1858
1860
1925
1950
1993
2023
1990
1985
1940
1918
1978
1960
1955
1960
1963
1995
1970
1970
1970
1955
1980
1985
1980
2008
1953
1925
1895
1880
1875
1875
1890
1903
1858
1878
1883
1900
1875
1873
1900
1900
1883
1863
1803
1828
1800
1785
1773
1800
1770
1785
1800
1788
1815
1843
1818
1815
1810
1808
1848
1853
1855
1850
1848
1870
1898
1903
1923
1920
1978
1960
1983
2013
2028
2028
2008
1958
1933
1960
1973
1958
1948
1965
1973
1940
1950
1945
1935
1970
1958
1963
1950
1923
1925
1935
2055
2098
1955
1953
1985
2003
2003
1998
2030
2053
2065
2055
2025
2010
2013
1985
1993
2000
2025
2035
2053
2030
2053
2043
2055
2083
2075
2065
2100
2148
2143
2115
2130
2175
2183
2198
2195
2243
2213
2208
2260
2283
2260
2273
2300
2295
2265
2248
2225
2235
2190
2185
2195
2200
2253
2273
2253
2200
2185
2180
2145
2120
2150
2100
2163
2135
2108
2048
2073
2015
1978
1978
1965
1998
2008
1960
1920
1918
1915
1905
1825
1810
1828
1858
1905
1855
1813
1815
1815
1855
1760
1778
1778
1775
1800
1775
1845
1850
1875
1840
1730
1718
1723
1808
1823
1838
1868
1848
1845
1785
1783
1810
1833
1855
1843
1815
1810
1815
1835
1840
1848
1853
1858
1895
1848
1833
1853
1863
1765
1770
1750
1785
1800
1740
1743
1728
1755
1745
1735
1705
1728
1743
1730
1735
1735
1720
1735
1773
1773
1788
1765
1765
1775
1758
1765
1770
1798
1785
1798
1909
1838
1853
1863
1893
1893
1918
1895
1905
1903
1885
1860
1895
1895
1900
1873
1870
1890
1890
1918
1928
1965
1983
1988
1998
1968
1965
1963
1973
1980
1995
1975
1970
1970
1930
1928
1960
1958
2050
2080
2073
2070
2090
2085
2123
2108
2135
2125
2113
2105
2133
2128
2130
2113
2103
2123
2113
2083
2135
2155
2150
2130
2108
2060
2025
2053
2065
2045
1980
1970
1978
2000
1983
1998
1985
2023
2020
1995
2003
2023
2048
2060
2058
2078
2068
2048
2038
2033
1985
1968
1978
1975
1955
1948
1965
1983
1988
1995
1990
1980
1963
1968
1965
1968
1963
1950
1965
1965
1988
2000
1995
2003
2013
2030
2033
2030
2035
2068
2050
2043
2035
2030
2015
2033
2053
2043
2033
2028
2018
2018
2028
2040
2020
2023
2028
2048
2048
2080
2083
2068
2073
2078
2073
2068
2028
2013
2003
1978
1978
1965
1940
1913
1925
1935
1903
1920
1913
1910
1953
1940
1918
1905
1920
1915
1910
1948
1948
1915
1918
1928
1893
1908
1925
1865
1838
1820
1835
1825
1808
1780
1828
1820
1803
1780
1790
1818
1830
1833
1808
1823
1828
1793
1783
1785
1773
1748
1753
1758
1723
1728
1685
1685
1700
1728
1725
1698
1670
1688
1708
1758
1793
1788
1815
1848
1855
1840
1865
1870
1855
1833
1848
1843
1848
1798
1820
1793
1783
1830
1863
1888
1888
1883
1883
1903
1883
1893
1935
1960
1928
1923
1908
1870
1883
1888
1855
1860
1870
1858
1818
1823
1853
1860
1855
1865
1845
1870
1898
1888
1895
1865
1870
1853
1880
1873
1863
1850
1848
1853
1868
1848
1863
1863
1858
1848
1880
1885
1890
1885
1913
1898
1898
1883
1890
1870
1840
1828
1818
1813
1810
1805
1815
1815
1808
1843
1843
1848
1848
1815
1825
1800
1823
1823
1820
1763
1758
1730
1733
1723
1713
1718
1718
1718
1723
1723
1723
1748
1743
1698
1663
1688
1713
1690
1655
1653
1678
1695
1650
1648
1660
1658
1658
1673
1665
1685
1685
1685
1713
1708
1685
1685
1653
1663
1660
1638
1645
1630
1658
1678
1693
1680
1688
1663
1663
1668
1683
1693
1668
1675
1705
1673
1655
1650
1633
1623
1585
1565
1573
1543
1543
1558
1535
1543
1555
1603
1625
1588
1588
1610
1610
1640
1678
1723
1708
1690
1678
1698
1688
1698
1713
1715
1700
1680
1670
1650
1653
1668
1688
1648
1613
1595
1595
1583
1543
1583
1563
1583
1578
1573
1528
1533
1523
1518
1508
1525
1533
1555
1540
1525
1535
1525
1513
1435
1428
1405
1423
1443
1415
1395
1390
1388
1345
1360
1380
1390
1478
1380
1363
1385
1363
1345
1360
1355
1338
1313
1320
1318
1343
1410
1455
1463
1415
1410
1390
1375
1410
1440
1410
1425
1410
1423
1435
1463
1480
1478
1465
1483
1503
1540
1548
1493
1460
1413
1353
1358
1370
1340
1313
1308
1328
1300
1305
1320
1320
1340
1333
1359
1345
1350
1355
1343
1313
1315
1330
1323
1370
1403
1428
1430
1425
1405
1455
1480
1450
1453
1458
1375
1338
1323
1325
1433
1433
1440
1430
1473
1480
1500
1528
1523
1548
1513
1530
1563
1628
1638
1605
1575
1565
1535
1593
1595
1585
1625
1633
1625
1610
1625
1650
1623
1583
1598
1615
1623
1663
1663
1633
1608
1608
1618
1640
1635
1613
1618
1595
1565
1613
1638
1623
1640
1673
1688
1713
1738
1763
1748
1730
1740
1740
1698
1723
1745
1765
1750
1713
1690
1678
1700
1748
1825
1825
1833
1815
1750
1720
1735
1745
1758
1735
1743
1783
1800
1848
1903
1848
1848
1843
1778
1793
1768
1733
1750
1710
1675
1668
1628
1630
1613
1525
1530
1580
1575
1585
1578
1603
1603
1588
1560
1595
1603
1605
1593
1583
1548
1540
1525
1530
1545
1578
1580
1590
1630
1610
1610
1620
1660
1673
1685
1670
1650
1663
1693
1670
1638
1608
1563
1558
1575
1613
1628
1653
1635
1648
1648
1688
1708
1718
1718
1740
1758
1775
1800
1778
1738
1755
1720
1738
1725
1698
1680
1653
1645
1725
1720
1688
1695
1700
1695
1700
1695
1698
1635
1593
1605
1583
1613
1608
1598
1573
1583
1560
1548
1558
1573
1565
1560
1555
1608
1625
1623
1588
1593
1613
1635
1608
1600
1640
1648
1620
1638
1678
1695
1708
1723
1700
1715
1698
1673
1638
1668
1680
1705
1700
1740
1708
1705
1703
1685
1685
1688
1700
1710
1713
1740
1743
1718
1708
1710
1710
1735
1723
1685
1655
1668
1675
1685
1673
1665
1650
1630
1633
1638
1650
1655
1683
1680
1708
1748
1765
1783
1785
1805
1798
1798
1788
1803
1835
1850
1845
1815
1863
1873
1798
1855
1873
1915
1918
1905
1935
1890
1908
1898
1938
1883
1833
1868
1885
1878
1812
1810
1808
1823
1843
1853
1850
1823
1843
1838
1848
1855
1800
1780
1743
1758
1770
1790
1823
1795
1813
1793
1768
1763
1783
1763
1795
1775
1693
1698
1650
1655
1640
1655
1663
1695
1650
1658
1635
1593
1600
1615
1610
1588
1593
1603
1598
1580
1573
1568
1580
1568
1535
1538
1548
1600
1598
1593
1578
1610
1613
1599
1608
1590
1600
1613
1608
1623
1593
1585
1578
1585
1603
1625
1623
1650
1630
1615
1623
1618
1620
1625
1662
1668
1663
1660
1693
1675
1690
1685
1700
1718
1723
1723
1700
1660
1640
1618
1615
1628
1665
1658
1655
1658
1640
1585
1575
1600
1595
1605
1590
1598
1615
1603
1598
1585
1580
1588
1608
1598
1630
1635
1645
1658
1653
1683
1688
1678
1670
1675
1690
1683
1663
1658
1673
1678
1703
1680
1660
1690
1688
1693
1720
1725
1730
1713
1718
1735
1753
1755
1748
1773
1768
1748
1770
1790
1815
1833
1803
1805
1810
1818
1873
1878
1865
1895
1915
1913
1950
1968
1905
1848
1785
1758
1750
1773
1743
1788
1753
1753
1738
1733
1700
1670
1623
1653
1663
1678
1705
1693
1683
1693
1705
1723
1718
1808
1828
1818
1820
1820
1858
1905
1928
1885
1885
1900
1865
1880
1855
1840
1875
1918
1903
1885
1893
1930
1958
1940
1930
2050
2035
2038
2035
2115
2130
2168
2133
2025
2033
2080
2118
2093
2085
2143
2263
2390
2273
2268
2120
1988
1933
1953
1938
2088
2073
2035
2005
2005
1950
1895
1945
1938
2008
1985
1935
1923
1948
1963
1950
1863
1805
1863
1870
1940
1953
1973
1953
1895
1810
1810
1825
1850
1820
1818
1840
1848
1828
1823
1798
1783
1870
1880
1840
1843
1845
1838
1838
1860
1938
1928
1977
1943
1913
1977
1999
1962
1963
1980
2001
1993
2020
2030
1975
1995
1945
1923
1950
1936
1950
1892
1899
1890
1900
1884
1963
1965
1945
1948
2003
2005
2065
2103
2090
2088
2130
2158
2135
2080
2125
2078
2045
2068
2100
2098
2223
2190
2220
2215
2243
2225
2268
2330
2335
2383
2260
2170
2238
2208
2178
2215
2278
2305
2335
2290
2415
2318
2313
2363
2388
2428
2455
2458
2363
2385
2475
2458
2450
2483
2518
2508
2540
2460
2428
2413
2445
2330
2315
2280
2230
2210
2185
2185
2175
2240
2270
2238
2288
2318
2328
2275
2313
2340
2290
2386
2322
2278
2307
2300
2317
2350
2412
2421
2449
2456
2418
2374
2295
2265
2283
2398
2405
2369
2418
2396
2351
2366
2355
2395
2390
2445
2419
2476
2476
2478
2483
2422
2341
2331
2331
2287
2286
2298
2293
2293
2280
2256
2262
2301
2343
2328
2291
2265
2269
2186
2073
2125
2115
2047
2056
2048
2056
2098
2057
2013
1987
2008
1982
1996
1944
1910
1940
1938
1955
1921
1857
1898
1930
1944
1898
1954
2000
1962
1939
1893
1877
1891
1853
1853
1853
1815
1797
1728
1725
1692
1698
1702
1725
1754
1761
1753
1724
1700
1726
1774
1772
1746
1780
1807
1792
1827
1825
1824
1770
1772
1782
1784
1832
1862
1942
1940
1910
1940
1977
1992
1975
1970
2003
2015
1933
1888
1938
1899
1917
1859
1836
1796
1743
1708
1701
1669
1679
1683
1715
1755
1722
1734
1709
1780
1765
1765
1760
1800
1822
1883
1818
1828
1825
1816
1800
1779
1819
1827
1883
1821
1823
1847
1871
1866
1877
1876
1874
1902
1894
1933
1964
1951
1921
1894
1856
1821
1856
1863
1900
1877
1841
1888
1883
1826
1787
1758
1783
1791
1798
1822
1812
1792
1815
1803
1818
1808
1821
1806
1805
1840
1821
1814
1832
1865
1857
1852
1905
1936
1948
1996
1987
2008
2129
2094
2071
2079
2060
2073
2008
1940
1927
1956
1943
1929
1930
1986
1989
1945
1963
1886
1900
1945
1942
1948
1910
1893
1897
1924
1914
1926
1971
2024
1954
1939
1941
1882
1883
1901
1914
1850
1864
1896
1801
1804
1794
1770
1791
1787
1757
1708
1698
1712
1689
1680
1698
1734
1720
1704
1709
1704
1635
1601
1586
1577
1529
1548
1533
1547
1533
1507
1508
1481
1475
1489
1538
1495
1467
1435
1426
1479
1574
1564
1628
1559
1528
1487
1456
1483
1505
1477
1460
1435
1404
1405
1350
1350
1346
1402
1391
1326
1308
1335
1338
1353
1337
1318
1309
1318
1285
1224
1236
1241
1230
1225
1174
1105
1221
1241
1235
1453
1402
1441
1518
1492
1435
1387
1372
1338
1363
1313
1282
1279
1323
1315
1331
1368
1406
1382
1395
1371
1342
1332
1365
1388
1409
1379
1460
1413
1391
1381
1394
1441
1475
1415
1429
1433
1472
1487
1458
1429
1433
1427
1478
1471
1403
1366
1362
1323
1371
1395
1356
1276
1223
1212
1162
1077
1077
1130
1088
1089
1123
1209
1250
1194
1204
1183
1184
1193
1195
1179
1170
1166
1171
1161
1161
1156
1183
1179
1265
1238
1211
1201
1221
1223
1205
1253
1274
1260
1255
1263
1204
1203
1232
1208
1205
1162
1116
1124
1148
1146
1193
1187
1199
1221
1202
1215
1243
1224
1190
1206
1211
1205
1254
1296
1251
1253
1253
1282
1266
1247
1261
1265
1297
1392
1431
1436
1467
1484
1455
1441
1438
1471
1446
1421
1410
1398
1388
1323
1287
1318
1273
1226
1198
1211
1160
1129
1194
1168
1218
1274
1246
1226
1231
1200
1243
1193
1188
1173
1151
1115
1118
1145
1156
1146
1110
1062
1025
1045
1040
1054
1058
1051
1041
1077
991
987
971
1005
973
970
968
946
910
926
945
957
1087
992
962
945
983
991
991
1023
1045
1054
1094
1030
1067
1108
1170
1207
1178
1090
1110
1097
1081
1119
1085
1114
1123
1121
1084
1103
1114
1134
1081
1039
1078
1042
1018
997
977
988
982
997
998
1009
993
1029
1024
1058
1064
1084
1058
1052
1041
1081
1120
1102
1149
1125
1146
1186
1230
1217
1211
1295
1335
1315
1337
1364
1337
1350
1397
1434
1450
1502
1460
1453
1414
1372
1411
1423
1468
1445
1482
1534
1601
1604
1596
1629
1607
1563
1591
1638
1653
1645
1698
1685
1644
1566
1572
1523
1474
1521
1518
1498
1443
1442
1444
1449
1483
1471
1518
1504
1475
1422
1428
1426
1521
1598
1625
1619
1599
1625
1605
1633
1629
1600
1593
1564
1591
1604
1628
1627
1627
1638
1697
1725
1755
1847
1836
1874
1890
1894
1949
1948
1890
1942
1975
1933
1862
1901
1969
1973
1946
1965
1997
1997
1921
1932
1938
1964
1966
1934
2018
2058
2032
2061
2068
2061
2069
2092
2111
2096
2048
1971
1980
2032
2108
2110
2066
2074
2114
2171
2196
2251
2236
2298
2318
2325
2306
2293
2285
2268
2249
2341
2366
2360
2324
2346
2298
2298
2330
2264
2307
2233
2078
2084
2189
2226
2228
2165
2226
2159
2102
2168
2238
2245
2214
2218
2122
2111
2132
2198
2238
2264
2280
2362
2444
2542
2496
2539
2593
2488
2498
2502
2514
2586
2566
2577
2594
2585
2567
2520
2420
2552
2617
2646
2610
2545
2585
2486
2431
2488
2568
2609
2622
2598
2551
2504
2511
2563
2493
2395
2372
2355
2335
2277
2393
2462
2490
2550
2599
2631
2617
2626
2718
2702
2724
2718
2691
2659
2708
2735
2715
2760
2748
2794
2761
2744
2732
2782
2803
2812
2811
2754
2726
2693
2722
2792
2821
2853
2870
2901
2978
3012
2983
3008
3193
3141
2911
2897
2925
2883
2803
2797
2787
2559
2493
2577
2532
2574
2516
2480
2377
2394
2398
2462
2326
2298
2290
2263
2108
2105
2140
2265
2213
2220
2267
2350
2357
2336
2290
2307
2379
2473
2513
2506
2493
2603
2669
2659
2722
2798
2826
2878
2840
2890
2901
2845
2812
2897
2962
3009
2989
2964
2969
2935
2827
2842
2832
2934
2900
3010
3040
3012
2977
2868
2769
2886
3071
3061
3102
3090
3047
3115
3105
3158
3215
3073
3035
3067
3062
3058
2983
3027
3115
3082
2844
2846
2833
2785
2668
2684
2578
2592
2560
2596
2530
2524
2680
2704
2801
2756
2758
2813
2898
2944
2924
3000
2966
3071
3076
3134
3018
3238
3167
3326
3329
3403
3413
3508
3509
3602
3572
3670
3743
3627
3687
3330
3108
3135
3368
3455
3348
3367
3218
3159
3001
2994
2978
2891
2842
2965
3064
3007
2919
2962
2999
3095
3125
3345
3350
3203
3038
3098
3129
3016
3098
3181
3117
3148
3131
3109
3015
3162
3081
3081
3100
3159
3130
3179
3226
3250
3305
3382
3416
3309
3423
3333
3311
3329
3335
3347
3259
3245
3253
3159
3037
2888
2747
2785
2685
2728
2681
2684
2432
2444
2511
2436
2329
2240
2223
2258
2229
2258
2343
2344
2457
2477
2475
2413
2498
2560
2563
2603
2552
2427
2474
2629
2769
2702
2704
2694
2704
2695
2632
2659
2717
2890
2925
2910
2954
3068
2953
2932
2800
2789
2633
2661
2705
2645
2610
2575
2612
2584
2528
2516
2476
2528
2598
2559
2591
2637
2578
2534
2480
2431
2337
2384
2319
2363
2321
2345
2394
2401
2441
2450
2377
2350
2331
2347
2435
2487
2402
2437
2564
2608
2712
2680
2680
2699
2611
2586
2557
2542
2576
2549
2671
2685
2721
2731
2682
2746
2759
2771
2745
2746
2827
2797
2777
2788
2819
2857
2930
2980
2972
2951
2885
2869
2911
2892
2855
2886
2895
2925
2873
2855
2888
2957
2903
2913
2850
2813
2761
2668
2624
2670
2686
2736
2766
2625
2568
2621
2573
2556
2597
2569
2655
2559
2469
2444
2362
2402
2358
2390
2310
2335
2343
2444
2437
2490
2494
2482
2446
2435
2423
2549
2560
2539
2594
2561
2528
2578
2588
2571
2561
2518
2468
2435
2536
2571
2566
2633
2622
2646
2667
2670
2680
2652
2627
2627
2661
2754
2759
2912
2824
2820
2922
2832
2754
2544
2557
2517
2063
2013
2067
2147
2187
2122
2129
2063
2094
2146
2091
2065
2102
2138
2057
2036
2047
1947
1921
1991
2038
2056
2037
2067
2031
2055
2041
1963
1939
1863
1878
1864
1886
1954
2072
1948
2047
1878
1651
1686
1655
1882
1844
1965
1940
1866
1909
1881
1854
1892
2000
1928
1927
1857
1781
1803
1761
1813
1780
1854
1858
1851
1903
1887
1873
1865
1887
1977
1935
2013
2047
2120
2108
2103
2021
1971
2008
1889
1886
1850
1820
1817
1832
1870
1889
1891
1904
1974
1926
1871
1907
1970
2026
1990
1997
1942
2001
2008
2175
2141
2097
2076
2012
2018
1944
2021
2014
1978
1995
2073
2073
2183
2159
2225
2211
2310
2232
2314
2270
2360
2376
2390
2380
2451
2478
2425
2483
2475
2460
2513
2534
2534
2606
2697
2672
2697
2539
2636
2548
2513
2422
2325
2339
2403
2526
2590
2586
2596
2626
2620
2647
2632
2685
2698
2667
2573
2580
2553
2609
2609
2689
2630
2712
2717
2571
2545
2597
2499
2432
2401
2376
2352
2471
2418
2372
2387
2319
2279
2299
2283
2237
2309
2372
2397
2469
2464
2485
2442
2414
2499
2532
2475
2539
2533
2565
2564
2559
2551
2575
2508
2490
2582
2583
2611
2616
2594
2619
2672
2637
2570
2565
2543
2536
2510
2520
2595
2628
2579
2517
2520
2569
2570
2551
2549
2563
2611
2647
2666
2733
2744
2763
2753
2781
2751
2756
2789
2754
2711
2756
2745
2658
2731
2754
2836
2867
2892
2868
2776
2853
2838
2776
2841
2845
2861
2936
2947
2911
2893
2900
2911
2942
2914
2846
2832
2838
2828
2829
2770
2818
2856
2866
2861
2822
2820
2701
2669
2668
2678
2596
2544
2571
2529
2551
2578
2521
2466
2373
2436
2354
2386
2401
2296
2282
2333
2341
2405
2405
2452
2479
2485
2456
2511
2570
2574
2573
2609
2599
2607
2567
2606
2635
2685
2729
2764
2873
2925
2995
3026
2959
3061
3093
3149
3202
3012
3032
3143
3143
3078
2930
3026
3007
3046
3136
3173
3229
3157
3223
3172
3207
3140
3162
3102
3073
3126
3142
3157
3095
3113
3177
3181
3223
3247
3251
3246
3323
3326
3306
3326
3316
3276
3276
3341
3364
3346
3409
3400
3340
3437
3392
3439
3447
3494
3406
3416
3398
3148
3035
2855
2840
2800
2559
2654
2728
2598
2729
2766
2805
2794
2629
2675
2562
2527
2488
2511
2516
2439
2472
2474
2486
2536
2576
2576
2572
2456
2406
2429
2342
2323
2360
2379
2373
2359
2391
2401
2448
2555
2569
2545
2598
2677
2718
2723
2669
2758
2732
2714
2678
2655
2648
2639
2658
2756
2799
2749
2816
2838
2862
2844
2897
2848
2739
2750
2714
2643
2621
2713
2713
2696
2734
2706
2745
2888
2833
2820
2863
2797
2723
2795
2821
2937
2936
2852
2887
2851
2859
2920
2801
2840
2767
2773
2830
2771
2827
2831
2868
2963
2991
3037
3001
3006
3059
3005
3013
2966
2896
2918
2988
2918
2928
2995
3022
2998
3008
3005
3010
3038
2964
2808
2789
2749
2772
2847
2764
2776
2748
2652
2638
2628
2576
2556
2551
2582
2574
2681
2704
2702
2777
2809
2798
2890
2914
2975
2935
2896
3021
3113
3100
3145
3123
3105
3027
2978
2961
2925
2963
3001
2938
2899
2856
2747
2788
2778
2732
2790
2852
2873
2882
2888
2858
2901
2978
2898
2926
3013
2988
2979
2799
2762
2823
2890
2895
2817
2910
2926
2925
2887
3052
3027
3002
2979
3024
3089
3064
3101
3079
3103
2878
2830
2945
2917
3010
3030
2955
3230
3120
3099
3111
3191
3141
3255
3184
3143
3126
3167
3226
3195
3142
3208
3115
3105
3077
2947
2953
3030
3007
2963
2902
2926
2910
3006
3033
3017
3096
3108
3143
3157
3163
3122
3189
3160
3246
3245
3294
3334
3415
3332
3345
3440
3427
3372
3283
3322
3276
3439
3472
3495
3443
3433
3357
3440
3414
3332
3251
3204
3304
3229
3259
3119
3117
3148
3307
3398
3403
3451
3415
3354
3372
3385
3471
3356
3323
3324
3378
3418
3411
3502
3466
3523
3497
3607
3658
3705
3725
3583
3697
3795
3830
3904
3888
3843
3835
3889
3760
3922
3846
3805
3703
3700
3700
3905
3799
3626
3597
3557
3547
3469
3575
3523
3522
3466
3456
3558
3543
3482
3495
3481
3471
3425
3324
3261
3322
3558
3536
3573
3647
3562
3713
3758
3773
3668
3751
3841
3849
3907
3896
3848
3916
3959
3975
4009
4108
4093
4147
4135
4182
4175
4249
4263
4321
4250
4245
4350
4413
4435
4405
4412
4484
4546
4439
4299
4239
4065
4072
4078
3980
4096
4239
4107
4040
4019
3991
4145
4103
4063
4134
4203
4068
4308
4360
4456
4566
4653
4613
4687
4752
4654
4776
4686
4699
4710
4795
4898
4941
5075
5128
5042
5131
5102
4916
4921
5078
5106
5228
5168
5204
4999
4888
4816
4684
4625
4614
4532
4437
4478
4327
4257
4222
4133
3932
4048
4027
4080
4229
4226
4303
4262
4312
4287
4405
4423
4119
3849
3857
3843
3711
3690
3833
3724
3677
3703
4153
4149
4306
4267
4276
4044
4029
3960
3960
4024
3893
3980
4038
4075
4100
4325
4328
4471
4345
4375
4576
4526
4510
4518
4516
4406
4588
4574
4614
4594
4651
4475
4451
4512
4417
4313
4326
4270
4279
4249
4404
4441
4451
4491
4542
4542
4586
4609
4760
4816
4924
5005
5013
5047
5105
5289
5210
5187
5329
5411
5304
5315
5368
5397
5461
5603
5597
5579
5539
5152
5235
5175
5142
5063
5322
5414
5592
5453
5408
5257
5183
5121
5153
4967
5021
4952
4858
5079
5153
5173
5351
5310
5247
5129
5074
5061
5089
4948
5036
4981
4970
4971
5061
4891
4740
4685
4642
4731
4735
4692
4691
4728
4729
4924
4971
4942
4933
4930
5046
5130
5190
5261
5162
5192
5136
5198
5200
5352
5412
5430
5692
5710
5736
5606
5703
5721
5850
5775
5542
5536
5641
5713
5786
5838
5755
5900
5610
5895
5833
5679
5698
5625
5675
5639
5559
5698
5751
5858
5834
5828
5977
6056
6013
6004
6062
6073
6256
6279
6377
6590
6726
6668
6510
6341
6175
6421
6587
6516
6525
6588
6623
6477
6615
6680
6679
6595
6416
6416
6360
6166
6262
6069
6131
6170
6190
6048
6404
6298
6431
6464
6217
6173
6256
6281
6202
6170
6164
5917
5933
5720
5729
5701
5810
5991
5948
5845
5981
5885
5813
5704
5694
5764
5872
5856
5810
5947
5847
5669
5853
5955
6048
5819
5789
5771
5585
5430
5410
5445
5368
5380
5284
5336
5421
5373
5341
5315
5291
5324
5325
5365
5491
5605
5568
5517
5626
5718
5723
5916
5959
5967
5811
5609
5608
5605
5730
5628
5654
5691
5772
5834
6151
6125
6168
6243
6251
6232
6154
6295
6158
6234
6322
6360
6364
6492
6456
6382
6261
6293
6495
6514
6319
6564
6349
6254
6332
6164
6082
6070
5966
5916
5827
5767
5678
5834
6005
5935
5871
5871
6013
5944
5978
6112
6227
6269
6141
5979
5842
5882
5904
6099
6239
6312
6207
6354
6230
5996
6123
6176
6278
6259
6431
6488
6595
6606
6728
6593
6674
6758
6711
6820
6852
6954
6939
7097
7269
7257
7394
7396
7286
7346
7179
7215
7337
7445
7373
7184
7122
6826
7060
6983
7220
7130
6869
6866
6752
6739
6693
6652
6897
6845
6851
6988
6916
6982
6757
6877
6842
6913
6825
6717
6576
6913
6862
6567
6552
6604
6501
6640
6757
6817
6960
6991
6985
7126
7176
7302
7320
7394
7317
7288
7312
7414
7239
7314
7304
7523
7613
7512
7532
7162
7256
7296
7209
7249
7376
7536
7395
7475
7639
7763
7628
7653
7782
7793
7826
7569
7519
7378
7357
7267
7042
7130
7242
7206
7112
7140
7258
6944
6701
6715
6766
7049
6862
6594
6541
6452
6430
6241
6223
6128
6075
6023
6147
6252
5909
5927
5881
5789
5853
5760
6068
5909
5880
5628
5582
5793
5690
5925
5780
5775
5787
5897
5822
6013
5851
5774
5794
5656
5656
5879
5876
5799
5708
5613
5637
5626
5655
5702
5699
5718
5972
5918
5688
5790
5797
5950
5701
5738
5953
5866
5970
6072
6052
6122
6213
6436
6474
6397
6365
6370
6317
6367
6259
6258
6189
6285
6291
6281
6219
6313
6213
6192
6070
5941
5896
5849
5663
5458
5282
5282
5238
5211
5168
4995
5128
5119
5083
5229
5434
5393
5511
5567
5529
5471
5469
5652
5674
5693
5867
5804
5835
5724
5721
5552
5612
5505
5425
5678
5591
5774
5862
6038
6034
6028
5939
6118
6192
5978
5968
6113
6090
6025
6059
6152
6089
6040
6093
6049
6011
6018
6157
6310
6443
6425
6615
6719
6847
6894
6800
6809
6915
6764
6860
6779
6878
6710
6634
6509
6617
6634
6680
6794
6744
6751
6728
6723
6740
6557
6485
6514
6270
6355
6350
6463
6518
6586
6674
6683
6908
6926
6951
7005
7101
7196
7072
6931
6764
6818
6865
7090
7136
7150
7236
7004
6885
6856
6924
7118
7163
7233
7217
7055
7181
7204
7136
7141
7184
7196
7222
7290
7426
7540
7658
7710
7788
7744
7824
7812
7817
7759
7800
7837
7909
7836
7588
7521
7728
7658
7607
7701
7711
7614
7536
7269
7042
7073
7008
6957
7130
6929
7130
6877
6980
6837
6788
6773
6873
6949
6885
6966
7048
7146
7229
7422
7472
7621
7508
7497
7623
7715
7784
7827
7799
7700
7847
7848
7891
7787
7682
7621
7888
8097
7833
7687
7780
7784
7905
7694
7782
7785
8083
8082
8250
8443
8524
8503
8425
8272
8231
8347
8540
8471
8987
8987
8987
9036
9211
9216
9399
9485
9440
9232
9156
8909
9073
9032
9199
9159
9413
9497
9533
9488
9323
9164
9234
8871
8785
8997
9070
8846
8846
8733
8777
9169
9257
9186
9032
9071
9098
9106
9103
9159
9566
9592
9368
9701
9845
9687
9419
9637
9676
9280
9186
9258
9087
8810
8896
8966
8811
8706
8769
9096
9091
9249
9246
9158
9141
9109
8960
8873
8855
9145
9393
9428
9382
9592
9696
9703
9788
9752
9607
9743
9905
9828
9983
10090
10183
9860
10095
10347
10466
10533
10678
10799
10918
10916
10441
10535
10265
9978
10093
9991
10283
10389
10268
10233
9869
9885
10231
10221
10598
10505
10746
10737
10715
10832
11084
11095
11134
11067
11135
11354
11534
11485
11662
11570
11386
11112
10730
11192
11568
11988
12027
11985
12354
12289
12311
12118
12276
12298
12219
12412
12728
12904
12972
12892
12893
12933
12785
12850
12628
12172
12236
13281
13443
13524
13452
13211
13429
13390
13127
12912
13184
13428
13454
13537
13159
13682
13938
13840
14067
14124
14395
13962
13415
13391
13581
14368
14243
13602
13331
13416
12934
12934
12718
12686
12543
12470
12567
12577
12246
12410
12416
12187
11650
11447
11694
11303
11054
10898
11068
11182
10880
10933
10902
10872
11724
11399
10974
11220
11305
11354
11349
10494
10388
10341
10251
10108
9894
9600
9601
9437
9045
8585
8609
9089
9346
10043
10072
10209
10045
10088
9596
9352
9219
8888
8895
8471
8317
8077
8165
7458
7437
7498
6686
6414
6605
6745
6599
6295
6506
6057
5934
5887
6400
6086
6000
6032
6278
6109
5614
5684
5708
5476
5247
5132
5070
5082
4910
4835
4579
4491
4951
4751
4939
4772
4758
4564
4439
4383
3704
4002
3977
3934
4354
4238
4502
4200
4184
4019
3952
3808
3527
3445
3373
3416
3522
3582
4294
4584
4889
4623
4294
4234
4086
4305
4227
4232
4342
4122
3990
4242
4313
4800
4286
4286
4313
4417
4296
4315
4368
4392
4449
4723
4588
4424
4723
4336
3969
3941
4236
4219
4127
4018
4237
4515
4441
4260
4272
4607
4445
4348
4455
4499
4320
4219
4497
4412
4553
4522
4803
4927
5184
5132
5146
5189
5081
4905
4613
4592
5089
5048
5091
5062
5206
5233
5073
5206
5131
5183
5202
4906
4869
4850
4829
5029
4867
4864
5022
5030
5175
5326
5316
5507
5663
5602
5599
5652
5684
5625
5633
5651
5712
5910
5802
5870
5905
6128
6347
6498
6660
6767
6615
6768
6777
6761
6894
7052
7171
7062
6849
7052
6895
6996
7048
6613
6636
6847
6882
6810
6975
6811
6852
6574
6312
6154
5971
5917
5843
5825
6048
6125
6202
6354
6464
6593
6536
6806
6882
6978
6853
6579
6882
7008
7290
7382
7439
7461
7421
7379
7158
7403
7376
7133
6865
6866
7281
7375
7371
7434
7310
7074
7068
7280
6902
6878
6760
6678
6584
6920
6976
6896
6876
6691
6653
6851
7156
7072
6811
6965
6743
6499
6460
6543
6463
6582
6712
6650
6526
6851
6765
6847
6945
7075
7081
7216
7314
7458
7586
7651
7774
7836
7772
7645
7669
7511
7718
7491
7556
7568
7821
7802
7551
7718
7707
7699
7518
7481
7714
7736
7864
7645
7561
7814
7535
7657
7600
7777
7868
7696
7776
7774
7618
7493
7363
7091
7007
7119
7133
7334
7128
7187
7274
7164
7387
7515
7659
7665
7762
7791
7905
7927
8014
8057
8006
8014
7938
7757
7761
7685
7518
7509
7413
7273
7218
7263
7275
7065
7120
7158
7394
7577
7130
7011
6962
7040
7040
7235
7149
7482
7489
7661
7688
7695
7644
7700
7438
7636
7607
7750
7866
7788
7920
7894
7877
8029
7944
7938
7708
7945
8028
8009
7837
7809
7917
7803
7864
7798
7989
7946
8037
8263
8448
8505
8449
8263
8277
8521
8344
8581
8690
8481
8309
8473
8455
8458
8609
8672
8559
8459
8682
8619
8809
8539
8231
8021
7648
7808
7900
7870
7941
7643
7387
7512
7186
6956
7045
6962
6718
7059
7356
7300
7308
7278
7312
7184
7109
7143
7368
7433
7328
7511
7529
7612
7752
7705
7853
7808
7522
7517
7621
7666
7421
7494
7173
7175
7308
7297
7456
7520
7435
7645
7663
7552
7555
7629
7631
7575
7759
7727
7790
7552
7666
7860
7750
8193
8360
8376
8290
8128
8154
7989
7783
7663
7514
7456
7674
7510
7484
7348
7308
7061
7074
7450
7516
7605
7551
7553
7493
7503
7578
7748
7787
7754
7852
7889
7846
7889
7743
7942
7876
7729
7769
7873
7771
7914
7879
8077
8269
8342
8335
8501
8367
8388
8308
8299
8401
8355
8194
8230
8112
8168
8128
8075
8191
8262
8127
8297
8247
8406
8471
8533
8683
8705
8715
8793
8792
8808
8607
8549
8398
8336
8370
8317
8234
8237
8453
8478
8590
8602
8856
8937
9065
9125
9078
8974
8993
8954
9040
9063
9133
9109
9111
9131
9311
9355
9363
9308
9352
9352
9250
9323
9582
9352
9507
9495
9425
9505
9680
9786
9786
9786
9783
9842
9627
9684
9676
9676
9604
9648
9706
9897
10040
10130
10169
9943
9944
9925
10016
10074
9993
10312
10248
10278
10345
10220
10682
10977
11391
11147
11227
11334
11689
11442
11571
11658
11232
11519
11407
11407
11295
11111
11096
11418
11413
11492
11563
11565
11541
11545
11595
11558
11535
11694
11863
12007
12287
12301
12290
12630
12646
12133
12270
12274
12463
12169
12135
12426
12364
12455
12494
12659
12664
12401
12155
11193
11369
11321
11782
11566
11287
11308
11372
10939
11254
11320
11125
11013
11252
11447
11506
11485
11718
11615
11430
11509
11540
11614
11843
11995
11871
12049
12035
11467
11469
11374
11221
11202
11359
10827
10479
10457
10757
11149
11171
10982
11321
11355
11740
11740
11735
11736
11846
11738
11806
11705
11818
11852
11825
11899
11827
11814
11799
11816
11593
11637
11602
11374
11022
10692
10306
10363
10384
10782
10817
10889
10969
11137
10836
10937
10883
11035
11191
11191
11229
11559
11648
11643
11592
11329
11750
11799
11510
11475
11408
11310
11671
11626
11289
11439
11426
10921
10917
10790
10954
10852
10708
10542
10361
10184
10377
10438
10656
10949
10922
11244
11245
11433
11292
11208
11176
10900
11160
11167
11211
11043
11245
11001
10843
10697
11082
11076
11222
11475
11561
11529
11332
11443
11257
11190
11191
10925
10782
10598
10777
10683
10608
10938
11125
11122
10883
10959
11018
11016
11007
10823
10791
10782
10925
10572
10452
10400
10455
10780
10800
10898
10928
10754
10689
10809
11112
11337
11359
11196
11107
11330
11166
11297
10988
11055
10981
10954
10850
10946
10838
10848
10908
11050
11024
11026
11196
11096
11256
11547
11686
11718
11840
11813
11873
11830
12025
12100
12069
12085
12307
12453
12489
12646
12402
12223
12576
12593
12668
12503
12537
12796
12808
12727
12814
12698
12363
12509
12576
12438
12389
12249
12521
12585
12525
12441
12323
12341
12444
12304
12358
12189
12041
12057
12062
11823
11741
11518
11700
11808
11666
11774
11745
11933
11930
11866
11957
11757
11591
11166
11048
11189
11224
11250
11079
11140
10980
10931
10803
10902
10976
10688
10720
10786
10755
10385
10386
9863
9774
9865
10114
10005
9757
9860
9659
9729
9646
9713
9521
9514
9350
8922
8922
8869
9019
9206
9102
9417
9528
9989
10154
9850
9994
9915
9923
9918
10191
10210
10421
10592
10779
10698
10391
10357
10235
10477
10630
10654
10593
10678
10755
10957
11001
11239
11342
11352
11313
11448
11390
11551
11612
11520
11550
11603
11577
11745
11576
11374
11262
11253
11228
11393
11498
11332
11450
11364
11384
11486
11486
11600
11748
11670
11329
10849
10941
11127
10920
11077
10899
11145
11136
11258
11249
10932
11048
11217
11260
11432
11611
11618
11517
11500
11500
11349
11258
11189
10962
10753
10766
10764
10890
10933
10940
10989
10884
10679
10559
10927
10821
10723
10861
11023
10882
10966
11007
10681
11006
11001
11081
11014
11018
10933
10826
11047
11084
11127
10999
10896
10801
10716
10825
10760
11017
11018
10928
10935
10996
10995
11057
10913
10844
11072
11004
11005
11080
11298
11303
11258
11249
11303
11307
11297
11030
11132
11172
11097
11101
11171
11272
11368
11459
11388
11392
11522
11542
11555
11555
11606
11703
11661
11717
11890
11829
11789
11843
11848
11740
11704
11623
11419
11374
11455
11296
11224
11220
11014
10990
11042
11027
11042
10891
10864
10848
10751
10810
10932
10854
10691
10827
10641
10651
10666
10710
10851
10846
10876
10966
10782
10509
10398
10316
10408
10480
10362
10058
9932
9788
9684
9748
9894
9907
9925
10071
10162
10239
10288
10153
9834
10032
10460
10500
10518
10379
10359
10131
10217
10270
10157
10427
10383
10455
10310
10214
10046
10124
10377
10214
10179
10043
10163
10204
10351
10337
10407
10387
10150
10311
10338
10510
10580
10521
10556
10272
10036
9980
10151
10062
10274
10249
10319
10396
10612
10746
10775
10790
10843
10818
10903
10905
10929
10967
10971
10934
10882
10927
10823
10810
10757
10810
10747
10789
10994
10963
10981
10877
10839
10732
10849
10928
11069
11026
11158
11182
11141
11074
11082
11051
11212
11223
11521
11627
11691
11597
11549
11565
11581
11715
11520
11210
11237
11311
11331
11086
10905
10909
11066
11022
10856
10768
10946
10886
10945
10785
10732
10909
10949
10942
10966
11056
10902
11163
11065
11013
11067
11079
10955
10940
10947
10957
10774
10663
10570
10829
10804
10841
10753
10578
10485
10501
10546
10308
10429
10576
10629
10690
10829
10825
10880
10829
10827
10990
11136
11083
11204
11132
11107
11149
11306
11327
11207
11150
11007
10891
10947
10899
10808
11030
10891
10956
11078
11215
11158
11157
11165
11206
11047
10995
10794
10657
10671
10701
10742
10749
10644
10802
10712
10809
10746
10845
10801
10917
10969
10969
10914
10872
10910
10883
10936
10816
10655
10704
10681
10815
11012
11018
10921
10862
10898
10863
11014
11037
10942
10903
10976
10919
10939
10854
10898
11126
10917
10815
10799
10914
10827
10835
10788
10748
10808
10699
10679
10595
10573
10720
10659
10701
10590
10658
10664
10595
10570
10337
10488
10641
10489
10583
10739
10710
10734
10768
10910
10971
10979
10969
10854
10848
10979
10953
10912
10989
10863
10863
10948
10948
10830
10817
10819
10826
10837
10878
10987
10974
11090
11084
11035
11132
11089
11019
11001
10981
10909
10998
10921
10934
10887
10907
10843
10921
11055
10918
10983
11218
11315
11342
11402
11425
11519
11455
11362
11374
11284
11261
11262
11103
11084
11018
10898
10870
10765
10684
10620
10577
10473
10473
10541
10604
10603
10571
10648
10685
10578
10689
10670
10698
10647
10494
10345
10363
10282
10417
10402
10336
10347
10168
10227
10115
10113
9937
9974
9992
10028
10009
10049
10050
10040
10071
10112
10021
10088
10121
9951
9953
9808
9626
9642
9631
9643
9739
9770
9682
9675
9537
9487
9453
9520
9508
9570
9467
9457
9129
9080
9065
9090
9025
9047
8866
8782
8636
8402
8402
8527
8442
8517
8638
8594
8600
8564
8557
8691
8550
8417
8490
8212
8288
8208
8320
8290
8094
8042
7774
7751
7686
7723
7721
7761
7920
7962
7762
7739
7189
7087
7113
7013
6848
6800
6564
6611
6332
6365
6167
6109
6026
5984
5881
5887
5831
5907
5867
5872
5786
5560
5527
5538
5108
5012
4906
4943
4764
4690
4513
4582
4766
4738
4649
4650
4609
4669
4607
4655
4707
4661
4752
5174
5441
5507
5598
5588
5700
5579
5348
5623
6033
6157
6078
6072
5878
6099
5978
6033
5977
6139
6189
6075
6118
5918
6033
5915
5867
5595
5646
5666
5480
5200
5217
5259
5296
5388
5382
5361
5418
5702
5644
5399
5369
5573
5573
5573
5755
5642
5604
5682
5714
5769
5932
6013
6131
6120
6012
6012
6266
6296
6286
6261
6397
6390
6413
6462
6544
6622
6493
6382
6282
6509
6633
6558
6469
6515
6348
6352
6470
6470
6165
6135
6012
6316
6287
6314
6278
6034
6036
6133
6323
6468
6376
6319
6099
6075
6075
6137
5941
6054
6167
6163
6024
6014
5903
6031
6165
6173
5906
5719
5472
5570
5783
5772
5763
5720
5734
5731
5638
5642
5594
5636
5576
5429
5407
5430
5473
5429
5329
4949
4908
4904
4780
4754
4830
4733
4829
4801
4779
4777
4700
4575
4563
4384
4159
4186
4176
4446
4797
4880
4767
5041
4859
4642
4888
4804
4777
4687
4587
4591
4935
4827
4728
4764
4669
4800
4706
4728
4604
4758
4729
4748
4655
4945
5134
5166
5213
5208
5095
4894
4825
4787
4896
4751
4693
4672
4659
4630
4657
4554
4760
4804
4800
4791
4800
4696
4719
4609
4538
4644
4498
4498
4198
4028
4128
4145
4222
4249
4370
4438
4356
4355
4307
4373
4297
4192
4200
4144
3969
3944
3904
3865
3699
3651
3766
3696
3629
3676
3534
3526
3579
3722
3708
3685
3565
3661
3628
3556
3389
3357
3167
3014
2914
2858
2884
2880
2736
2736
2601
2759
3046
2982
3094
3183
3301
3314
3245
3098
3238
3276
3235
3164
3015
2964
2882
3180
3109
3321
3320
3166
3359
3190
3150
3283
3576
3592
3573
3638
3575
3761
3902
3916
4026
3863
3941
3806
3749
3838
3929
3926
3991
4054
3884
3833
3833
3675
3675
3675
3642
3605
3588
3777
3715
4071
4158
4302
4281
4302
4132
4164
4302
4309
4348
4397
4297
4394
4417
4560
4564
4582
4309
4308
4439
4460
4243
4401
4608
4643
4705
4849
4871
4893
4701
4854
4777
4842
4887
4952
4909
4926
4881
4905
4850
4894
4976
5073
5059
4970
4936
4788
4747
4566
4657
4868
4818
4843
4863
4669
4507
4629
4840
4805
4765
4802
4564
4570
4593
4453
4404
4672
4467
4601
4625
4535
4570
4582
4499
4424
4376
4356
4278
4187
4076
4017
4000
4045
4133
4247
4324
4337
4219
4423
4512
4731
4827
4858
4946
4939
4810
4870
4756
4925
4966
4966
4794
4794
4505
4596
4672
4621
4700
4923
4837
4782
4648
4565
4583
4526
4604
4524
4599
4721
4671
4661
4495
4549
4843
4824
4861
4881
4957
5014
5049
5154
5048
4953
4929
4887
4931
4981
5185
5042
5028
4980
4908
4898
4913
4778
4620
4577
4426
4384
4306
4283
4347
4388
4367
4161
4183
4415
4507
4457
4441
4596
4610
4654
4754
4632
4664
4468
4795
5228
5235
5330
5231
5190
5160
5219
5399
5328
5315
5172
5415
5353
5456
5301
5404
5393
5495
5497
5496
5505
5457
5499
5590
5439
5320
5361
5451
5437
5430
5468
5377
5318
5504
5480
5470
5434
5589
5480
5477
5525
5579
5594
5592
5502
5379
5442
5398
5520
5415
5496
5457
5416
5448
5525
5634
5490
5582
5469
5465
5336
5572
5416
5412
5473
5461
5330
5065
5063
5010
4960
5063
5056
5058
5067
5014
4956
5017
4997
5012
5072
5136
5225
5220
5204
5308
5341
5362
5424
5479
5473
5475
5505
5479
5260
5243
5066
4993
4945
4937
4999
4946
4946
5041
4931
4882
4753
4745
4661
4706
4809
4918
4908
5129
5121
5176
5171
5278
5335
5319
5329
5225
5084
5225
5065
4940
5041
4846
4825
4811
4708
4630
4664
4718
4695
4547
4561
4570
4593
4398
4462
4446
4414
4409
4617
4645
4702
4708
4913
4915
4758
4853
4647
4657
4668
4673
4765
4789
4766
4792
4834
4854
4747
4781
4919
5008
5067
5200
5199
5077
5209
5288
5248
5142
5218
5216
5259
5147
5129
4990
5039
5037
5096
5194
5229
5231
5173
5187
5187
5164
5191
5269
5315
5260
5363
5448
5416
5455
5420
5506
5552
5676
5618
5550
5658
5720
5773
5816
5942
5977
5874
5880
5702
5567
5612
5600
5709
5550
5529
5662
5613
5613
5686
5749
5763
5805
5782
5789
5769
5784
5845
5875
6015
6065
6135
6098
6079
6142
6427
6436
6396
6449
6435
6294
6091
6125
6118
6134
6134
6228
6292
6327
6358
6325
6356
6374
6353
6457
6345
6345
6225
6237
6386
6562
6496
6366
6372
6381
6445
6369
6443
6464
6461
6603
6680
6673
6665
6785
6873
6801
6848
6908
6979
7036
6964
7031
6940
6919
6948
6856
6932
6981
6991
7108
7008
6841
6778
6778
6860
6745
6769
6675
6574
6426
6304
6220
6194
6229
6286
6430
6495
6468
6481
6612
6704
6796
6759
6608
6423
6426
6578
6567
6509
6387
6519
6453
6420
6361
6367
6468
6482
6600
6815
6898
6903
6881
6863
6813
6902
6902
6604
6654
6651
6819
7067
7274
7144
7318
7205
7171
7373
7485
7462
7454
7586
7379
7539
7533
7592
7485
7314
7345
7475
7416
7760
7759
7737
7817
7894
7819
8009
7838
7834
8042
7869
7890
7660
7451
7589
7645
7454
7341
7291
7323
7523
7511
7458
7486
7507
7477
7202
7487
7492
7425
7287
7367
7282
7358
7609
7626
7744
7671
7587
7699
7709
7498
7708
7780
7535
7211
7411
7103
7087
7052
7194
7199
7345
7353
7367
7451
7484
7499
7416
7228
7295
7248
7251
7231
7071
7055
7100
7062
7077
6838
6921
7014
7111
7165
7296
7373
7441
7441
7591
7607
7705
7694
7781
7751
7668
7567
7555
7677
7822
8002
7766
7787
7822
7925
7943
7903
7890
8089
8221
8187
8154
8272
8494
8563
8545
8607
8512
8422
8516
8382
8135
8071
8091
8053
7991
8030
8038
8045
7867
7734
7730
7740
7756
7568
7484
7125
7111
7268
7064
7010
6929
6901
6981
6545
6488
6561
6529
6414
6150
6165
6111
5769
5970
5958
5797
5829
5771
6017
6122
6140
5783
6171
6029
5973
5994
5903
5856
5759
5526
5560
5284
5193
5149
5057
5406
5323
5564
5710
5691
5946
6047
5924
5880
5865
5981
5985
6204
6218
6090
6105
6109
6149
5971
6098
6189
6246
6186
6226
6167
6222
6101
6137
6130
6258
6327
6400
6565
6641
6586
6682
6691
6691
6402
6451
6555
6503
6371
6444
6424
6451
6482
6566
6506
6533
6589
6618
6611
6665
6713
6835
6830
6629
6737
6751
6735
6608
6793
6908
6968
6921
6980
6993
7112
7102
7163
7130
7157
7090
7074
7114
7071
7071
7439
7359
7494
7103
7122
7219
7201
7056
7195
7195
7098
7109
7061
7163
7235
7253
7309
7470
7394
7321
7294
7194
6837
6798
7019
7064
6955
6678
6316
6356
6214
6277
6410
6431
6356
6166
6328
6313
6256
6335
6285
6544
6599
6516
6624
6685
6678
6752
6510
6272
6353
6362
6423
6489
6430
6641
6764
6665
6686
6587
6367
6070
6104
6196
6228
6383
6347
6246
6229
6255
6407
6290
6112
5932
5863
5503
5629
5737
5713
5990
5786
5737
5900
5979
5903
6060
5981
5864
5864
5844
6042
6059
6104
5855
5793
6068
6270
6128
6399
6467
6302
6076
6125
6842
6559
6429
6425
6523
6466
6413
6241
6208
6248
6099
6006
5792
5801
5913
5946
5814
5970
5908
6059
5881
5919
5930
5935
5996
5895
6050
6052
6171
6206
6039
6105
6022
5930
6017
6252
6272
6211
6260
6200
6258
6219
6227
6246
6332
6282
6237
6380
6499
6483
6467
6482
6503
6468
6450
6320
6295
6525
6567
6650
6644
6657
6537
6667
6744
6804
6899
6912
6970
6866
6749
6926
6891
6830
6777
6705
6908
7025
6874
6731
6658
6677
6414
6445
6329
6463
6405
6463
6366
6211
6126
5934
5854
5937
5946
5772
5777
5400
5390
5536
5518
5453
5339
